1	0.275074	1.34521875	#N/A		0.3700347024
1	0.226422	1.5946375	#N/A		0.361061012
1	0.185607	1.89500625	0.162252		0.351726425
2	0.620952	1.07526875	#N/A		0.6676902809
2	0.724094	1.2084375	#N/A		0.8750223431
2	0.635105	1.5083875	0.0845956		0.9579844432
3	3.00964	1.04819375	#N/A		3.154685838
3	2.97871	1.28560625	#N/A		3.829448193
3	3.10472	1.51949375	0.137237		4.717602636
4	1.87703	1.0823875	#N/A		2.031673809
4	1.78166	1.34469375	#N/A		2.395787067
4	1.89923	1.54416875	0.125664		2.932731615
5	2.91366	1.27731875	#N/A		3.721672549
5	2.97803	1.50888125	#N/A		4.493493629
5	2.74759	1.96818125	0.116535		5.407755121
6	2.91451	1.24444375	#N/A		3.626943754
6	3.11708	1.380625	#N/A		4.303518575
6	3.18615	1.5831625	0.107877		5.044193199
7	1	1.086	#N/A		1.086
7	1	1.27981875	#N/A		1.27981875
7	1	1.54346875	0.147694		1.54346875
8	2.0523	1.07433125	#N/A		2.204850024
8	2.00029	1.26220625	#N/A		2.52477854
8	2.12583	1.43185	0.0943396		3.043869686
9	2.62113	1.137675	#N/A		2.981994073
9	3.02404	1.2323	#N/A		3.726524492
9	2.70517	1.56744375	0.0877068		4.240201809
10	0.20021	0.9351125	#N/A		0.1872188736
10	0.250091	1.1018875	#N/A		0.2755721468
10	0.262508	1.3028875	0.149198		0.3420183919
1	0.237684	1.68939375	#N/A		0.4015418641
1	0.247086	1.71964375	#N/A		0.4248998956
1	0.226821	2.19135	0.170213		0.4970441984
2	0.630318	1.14415	#N/A		0.7211783397
2	0.615212	1.38558125	#N/A		0.852426212
2	0.584546	1.568475	0.0727408		0.9168457874
					
1	2.86692	1.30009375	#N/A		3.727264774
1	3.31406	1.37926875	#N/A		4.570979394
1	3.02358	1.718175	0.0580706		5.195039567
2	1.53625	1.149025	#N/A		1.765189656
2	2.26886	1.066675	#N/A		2.420136241
2	1.88731	1.42643125	0.119694		2.692117962
3	4.26506	0.96144375	#N/A		4.10061528
3	3.75249	1.30648125	#N/A		4.902557826
3	3.99336	1.47073125	0.0595506		5.873159345
4	3.5862	1.03515625	#N/A		3.712277344
4	3.64204	1.20921875	#N/A		4.404023056
4	3.51062	1.4941	0.158981		5.245217342
5	1.34264	1.3277875	#N/A		1.782740609
5	1.32046	1.56673125	#N/A		2.068805946
5	1.17035	1.94244375	0.112115		2.273339043
6	1.74763	1.3012125	#N/A		2.274038001
6	1.85464	1.4737375	#N/A		2.733252517
6	1.93904	1.68591875	0.0717538		3.269063893
7	3.25406	1.13666875	#N/A		3.698788313
7	3.31578	1.30519375	#N/A		4.327735332
7	3.42915	1.4424625	0.155852		4.946420282
8	1.36724	1.03425	#N/A		1.41406797
8	1.31679	1.2322625	#N/A		1.622630937
8	1.27251	1.45590625	0.141222		1.852655262
10	1.49493	0.98824375	#N/A		1.477355229
10	1.46656	1.244175	#N/A		1.824657288
10	1.4333	1.51364375	0.0722586		2.169505587
1	3.08657	1.2158625	#N/A		3.752844717
1	4.03279	1.0749375	#N/A		4.334997201
1	3.23775	1.55048125	0.0973354		5.020070667
2	1.77393	1.03678125	#N/A		1.839177363
2	1.77691	1.236275	#N/A		2.19674941
2	1.73291	1.3962875	0.0826472		2.419640572
3	4.04464	0.97126875	#N/A		3.928432437
3	3.47937	1.3039125	#N/A		4.536794035
3	3.93466	1.37969375	0.0841066		5.42862581
					
1	3.08164	1.14625625	#N/A		3.53234911
1	2.98215	1.33678125	#N/A		3.986482205
1	3.14403	1.49969375	0.057228		4.715082141
2	3.10532	1.03218125	#N/A		3.205253079
2	3.04652	1.22036875	#N/A		3.717877804
2	3.1232	1.44559375	0.0819482		4.5148784
3	3.12701	1.22595	#N/A		3.83355791
3	3.09995	1.45133125	#N/A		4.499054308
3	3.31737	1.56684375	0.0855472		5.197800451
4	3.48838	1.395675	#N/A		4.868644757
4	3.25342	1.675525	#N/A		5.451186546
4	3.1508	2.06945625	0.13798		6.520442753
5	3.67367	1.64785625	#N/A		6.05368007
5	3.6212	1.9632875	#N/A		7.109456695
5	3.66096	2.2941	0.141184		8.398608336
6	1.16513	0.82813125	#N/A		0.9648805633
6	1.1794	0.92489375	#N/A		1.090819689
6	1.27265	1.02389375	0.0660754		1.303058381
7	3.79126	1.03006875	#N/A		3.905258449
7	3.84003	1.155325	#N/A		4.43648266
7	3.5531	1.44455	0.117107		5.132630605
8	2.03649	1.47750625	#N/A		3.008926703
8	1.97955	1.7422125	#N/A		3.448796754
8	1.9752	2.028425	0.113676		4.00654506
9	2.05705	1.24048125	#N/A		2.551731955
9	1.84408	1.5209375	#N/A		2.804730425
9	1.96997	1.6775125	0.130758		3.3046493
10	2.77946	1.1161	#N/A		3.102155306
10	2.91072	1.31214375	#N/A		3.819283056
10	2.64244	1.69035	0.104946		4.466648454
5	3.6398	1.46026875	#N/A		5.315086196
5	3.74599	1.71700625	#N/A		6.431888242
5	3.77115	1.941075	0.131899		7.320084986
6	1.21492	0.8541375	#N/A		1.037708732
6	1.17501	1.0017125	#N/A		1.177022205
6	1.2777	1.1380375	0.0587337		1.454070514
					
1	3.7947	1.13518125	#N/A		4.307672289
1	3.59375	1.4618	#N/A		5.25334375
1	3.58869	1.68379375	0.121786		6.042613793
2	2.43433	1.4514	#N/A		3.533186562
2	2.57514	1.69558125	#N/A		4.3663591
2	2.68226	1.883125	0.0902641		5.051030863
3	2.87445	1.35759375	#N/A		3.902335355
3	3.12822	1.5448625	#N/A		4.83266977
3	2.96499	1.85085	0.21907		5.487751742
4	2.43986	1.08083125	#N/A		2.637076934
4	2.53206	1.2406875	#N/A		3.141495191
4	2.52443	1.47336875	0.0967185		3.719416274
5	0.1	1.22511875	#N/A		0.122511875
5	0.14158	1.39666875	#N/A		0.1977403616
5	0.112466	1.567125	0.074115		0.1762482803
6	2.00837	0.84375	#N/A		1.694562188
6	2.21632	0.93819375	#N/A		2.079337572
6	2.08257	1.15911875	0.112741		2.413945935
7	3.1001	1.1192625	#N/A		3.469825676
7	2.92358	1.33765625	#N/A		3.910745059
7	3.36019	1.40143125	0.150963		4.709075272
8	1.30276	0.96040625	#N/A		1.251178846
8	1.32258	1.13161875	#N/A		1.496656326
8	1.35921	1.3038125	0.0738471		1.772154988
9	0.752738	1.1291125	#N/A		0.849925885
9	0.811894	1.3118375	#N/A		1.065072995
9	0.707643	1.517075	0.0851018		1.073547504
10	0.567643	0.98683125	#N/A		0.5601678512
10	0.554172	1.1777	#N/A		0.6526483644
10	0.487034	1.36065	0.0561941		0.6626828121
5	0.121318	1.2738375	#N/A		0.1545394178
5	0.15722	1.492275	#N/A		0.2346154755
5	0.235423	1.75515	0.0875		0.4132026785
6	1.97648	0.832975	#N/A		1.646358428
6	2.19301	0.9205	#N/A		2.018665705
6	2.28647	1.0547375	0.0963463		2.411625652
					
1	19.0641	0.6338375	#N/A		12.08354148
1	19.0641	0.7192375	#N/A		13.71161562
1	19.0641	0.84169375	0.114011		16.04613382
2	5.46886	0.727275	#N/A		3.977365157
2	5.46886	0.85381875	#N/A		4.669415209
2	5.46886	0.97610625	0.108741		5.338188426
3	8.76023	0.877825	#N/A		7.6899489
3	8.76023	1.0219125	#N/A		8.95218854
3	8.76023	1.18891875	0.0864449		10.4152017
4	8.44998	1.272925	#N/A		10.75619079
4	8.44998	1.47843125	#N/A		12.49271449
4	8.44998	1.68781875	0.117019		14.26203468
5	11.2385	0.5982475	#N/A		6.723404529
5	11.2385	0.7437625	#N/A		8.358774856
5	11.2385	0.94858125	0.147253		10.66063038
6	27.5289	0.422891875	#N/A		11.64174814
6	27.5289	0.519518125	#N/A		14.30176251
6	27.5289	0.6364625	0.250772		17.52111252
7	17.8225	0.7923625	#N/A		14.12188066
7	17.8225	0.921125	#N/A		16.41675031
7	17.8225	1.10845625	0.158273		19.75546152
8	1.62055	1.34564375	#N/A		2.180682979
8	1.53821	1.632775	#N/A		2.511550833
8	1.85145	1.74594375	0.118694		3.232527556
9	14.7946	0.86770625	#N/A		12.83736689
9	14.7946	1.01059375	#N/A		14.95133029
9	14.7946	1.18868125	0.129822		17.58606362
10	10.576	0.72588125	#N/A		7.6769201
10	10.576	0.86545625	#N/A		9.1530653
10	10.576	1.0253	0.243491		10.8435728
6	24.2744	0.52186875	#N/A		12.66805079
6	24.2744	0.6094075	#N/A		14.79300142
6	24.2744	0.716925	0.257366		17.40292422
8	1.57805	1.46239375	#N/A		2.307730457
8	1.53765	1.80878125	#N/A		2.781272489
8	1.63699	1.9758125	0.0943596		3.234385304
					
1	12.8943	1.2748875	#N/A		16.43878189
1	12.8943	1.4724	#N/A		18.98556732
1	12.8943	1.69150625	0.202664		21.81078904
2	26.1986	0.532318125	#N/A		13.94598963
2	26.1986	0.65055625	#N/A		17.04366297
2	26.1986	0.785925	0.234198		20.59013471
3	21.7426	0.72584375	#N/A		15.78173032
3	21.7426	0.86154375	#N/A		18.73220114
3	21.7426	1.00905	0.214865		21.93937053
4	5.77682	0.488428125	#N/A		2.821561361
4	6.15005	0.54719125	#N/A		3.365253547
4	6.01694	0.651775	0.104823		3.921691069
5	9.01715	0.583190625	#N/A		5.258717344
5	9.01715	0.69495625	#N/A		6.26652475
5	9.01715	0.8311875	0.105804		7.494942366
6	19.946	0.519645	#N/A		10.36483917
6	19.946	0.62329625	#N/A		12.432267
6	19.946	0.73941875	0.172543		14.74844639
7	7.40987	0.7183875	#N/A		5.323157985
7	7.40987	0.8483125	#N/A		6.285885344
7	7.40987	0.99675625	0.136286		7.385834234
8	12.3546	0.8843875	#N/A		10.92625381
8	12.3546	1.036975	#N/A		12.81141134
8	12.3546	1.24101875	0.20333		15.33229025
9	23.8135	0.70548125	#N/A		16.79997775
9	23.8135	0.8150875	#N/A		19.41008618
9	23.8135	0.9559125	0.134287		22.76362232
10	8.58294	0.856325	#N/A		7.349786096
10	8.58294	1.07999375	#N/A		9.269521557
10	8.58294	1.3300375	0.182268		11.41563206
5	7.46939	0.78836875	#N/A		5.888633658
5	7.46939	0.96228125	#N/A		7.187653946
5	7.46939	1.12759375	0.154937		8.42243748
6	16.2467	0.71386875	#N/A		11.59801142
6	16.2467	0.8499875	#N/A		13.80949192
6	16.2467	0.988225	0.169726		16.05539511
					
1	12.973	0.83251875	#N/A		10.80026574
1	12.973	0.9989625	#N/A		12.95954051
1	12.973	1.1754375	0.177735		15.24895069
2	11.2043	0.9512125	#N/A		10.65767021
2	11.2043	1.11295625	#N/A		12.46989571
2	11.2043	1.32491875	0.247615		14.84478715
3	1.87687	0.99585625	#N/A		1.86909272
3	1.87446	1.19026875	#N/A		2.231111161
3	1.95431	1.38795	0.0722781		2.712484565
4	10.3618	0.86123125	#N/A		8.923905966
4	10.3618	1.0321125	#N/A		10.6945433
4	10.3618	1.25685625	0.209877		13.02329309
5	26.7119	0.95438125	#N/A		25.49333651
5	26.7119	1.12125	#N/A		29.95071788
5	26.7119	1.3159875	0.269891		35.1525265
6	12.0934	0.6678625	#N/A		8.076728358
6	12.0934	0.79810625	#N/A		9.651818124
6	12.0934	0.93911875	0.17077		11.35713869
7	0.583559	1.49284375	#N/A		0.8711624059
7	0.676527	1.71841875	#N/A		1.162556682
7	0.676161	2.0368375	0.0762611		1.377230081
8	12.5024	0.868275	#N/A		10.85552136
8	12.5024	1.00384375	#N/A		12.5504561
8	12.5024	1.191975	0.271642		14.90254824
9	19.7628	1.00645	#N/A		19.89027006
9	19.7628	1.15384375	#N/A		22.80318326
9	19.7628	1.28651875	0.336892		25.42521275
10	19.2571	0.59957625	#N/A		11.5460998
10	19.2571	0.720675	#N/A		13.87811054
10	19.2571	0.8529375	0.259479		16.42510273
5	27.3336	1.042275	#N/A		28.48912794
5	27.3336	1.2367125	#N/A		33.80380479
5	27.3336	1.43565	0.279446		39.24148284
6	12.3085	0.6502375	#N/A		8.003448269
6	12.3085	0.77951875	#N/A		9.594706534
6	12.3085	0.91055	0.174242		11.20750468
					
1	5.54078	1.1101	#N/A		6.150819878
1	7.15687	1.0206	#N/A		7.304301522
1	6.19389	1.39458125	0.103808		8.637882859
2	8.08143	0.72510625	#N/A		5.859895402
2	8.08143	0.85778125	#N/A		6.932099127
2	8.08143	1.0184625	0.056547		8.230633401
3	19.2575	0.61121625	#N/A		11.77049693
3	19.2575	0.71720625	#N/A		13.81159936
3	19.2575	0.83933125	0.20195		16.16342155
4	9.59829	0.72661875	#N/A		6.974297482
4	9.59829	0.8533375	#N/A		8.190580793
4	9.59829	1.0393125	0.136142		9.975622776
5	22.4645	0.85501875	#N/A		19.20756871
5	22.4645	0.99405625	#N/A		22.33097663
5	22.4645	1.1777625	0.407952		26.45784568
6	10.1687	1.01651875	#N/A		10.33667421
6	10.1687	1.2051125	#N/A		12.25442748
6	10.1687	1.43308125	0.18703		14.57257331
7	5.71696	0.7319375	#N/A		4.18445741
7	5.71696	0.859175	#N/A		4.911869108
7	5.71696	0.98966875	0.154561		5.657896657
8	19.6381	0.66960625	#N/A		13.1497945
8	19.6381	0.79613125	#N/A		15.6345051
8	19.6381	0.9313875	0.157545		18.29068086
9	8.58681	0.91653125	#N/A		7.870079703
9	8.58681	1.08479375	#N/A		9.31491782
9	8.58681	1.26099375	0.147743		10.82791374
10	8.71238	0.6596625	#N/A		5.747230372
10	8.71238	0.81635	#N/A		7.112351413
10	8.71238	0.9711125	0.170899		8.460701123
5	19.336	1.08794375	#N/A		21.03648035
5	19.336	1.27664375	#N/A		24.68518355
5	19.336	1.49079375	0.414775		28.82598795
6	11.6071	1.02205625	#N/A		11.8631091
6	11.6071	1.1750375	#N/A		13.63877777
6	11.6071	1.3920375	0.191394		16.15751847
					
1	0.167952	1.12319375	#N/A		0.1886426367
1	0.249145	1.2128625	#N/A		0.3021786276
1	0.207864	1.39635625	0.185438		0.2902521956
2	5	0.706125	#N/A		3.530625
2	5	0.8399	#N/A		4.1995
2	5	1.0075125	0.12762		5.0375625
3	12.954	1.16123125	#N/A		15.04258961
3	12.954	1.373875	#N/A		17.79717675
3	12.954	1.611	0.369065		20.868894
4	7.18678	0.658625	#N/A		4.733392978
4	7.18678	0.7631	#N/A		5.484231818
4	7.18678	0.92059375	0.11046		6.616104751
5	14.9905	0.5912425	#N/A		8.863020696
5	14.9905	0.70803125	#N/A		10.61374245
5	14.9905	0.86849375	0.257313		13.01915556
6	0.447506	1.2832625	#N/A		0.5742676683
6	0.450109	1.54879375	#N/A		0.697126006
6	0.36864	1.896075	0.0716198		0.698969088
7	16.6858	0.69029375	#N/A		11.51810345
7	16.6858	0.81248125	#N/A		13.55689964
7	16.6858	0.99451875	0.249283		16.59434096
8	8.29689	0.95505625	#N/A		7.92399665
8	8.29689	1.1321375	#N/A		9.393220302
8	8.29689	1.32619375	0.177663		11.00328366
9	16.0134	0.8232875	#N/A		13.18363205
9	16.0134	0.9925875	#N/A		15.89470067
9	16.0134	1.1680875	0.143018		18.70505237
10	7.09802	0.401058125	#N/A		2.846718592
10	7.09802	0.4778125	#N/A		3.391522681
10	7.09802	0.57066875	0.100901		4.050618201
1	0.230277	1.19033125	#N/A		0.2741059093
1	0.210775	1.341875	#N/A		0.2828337031
1	7.09802	0.57066875	0.183526		4.050618201
6	0.346609	1.587275	#N/A		0.5501638005
6	0.458176	1.87723125	#N/A		0.8601023052
6	0.426716	2.2622	0.0761298		0.9653169352
					
1	4.99315	0.7253625	#N/A		3.621843767
1	4.99315	0.84889375	#N/A		4.238653828
1	4.99315	1.02973125	#N/A		5.141602591
2	10.6787	0.4780225	#N/A		5.104658871
2	10.6787	0.579578125	#N/A		6.189140923
2	10.6787	0.70669375	#N/A		7.546570548
3	5.76246	0.53768875	#N/A		3.098409914
3	5.76246	0.6630625	#N/A		3.820871134
3	5.76246	0.83775	#N/A		4.827500865
4	14.547	0.715375	#N/A		10.40656013
4	14.547	0.85290625	#N/A		12.40722722
4	14.547	1.01161875	#N/A		14.71601796
5	7.00699	0.7776375	#N/A		5.448898186
5	7.00699	0.9268125	#N/A		6.494165919
5	7.00699	1.1180625	#N/A		7.834252757
6	5.4779	0.564698125	#N/A		3.093359859
6	4.89903	0.75814375	#N/A		3.714168976
6	5.66989	0.77138125	#N/A		4.373646836
7	7.78409	0.68339375	#N/A		5.319598455
7	7.78409	0.800675	#N/A		6.232526261
7	7.78409	0.94945625	#N/A		7.390652901
8	11.0496	0.537021875	#N/A		5.93387691
8	11.0496	0.64536875	#N/A		7.13106654
8	11.0496	0.76535625	#N/A		8.45688042
9	8.94131	0.77681875	#N/A		6.945777258
9	8.94131	0.934925	#N/A		8.359454252
9	8.94131	1.11291875	#N/A		9.950951549
10	12.7482	0.87624375	#N/A		11.17053057
10	12.7482	1.07776875	#N/A		13.73961158
10	12.7482	1.30303125	#N/A		16.61130298
7	8.02813	0.7254625	#N/A		5.82410726
7	8.02813	0.8539125	#N/A		6.855320559
7	8.02813	1.02756875	#N/A		8.249455509
8	10.4677	0.64261875	#N/A		6.726740289
8	10.4677	0.75704375	#N/A		7.924506862
8	10.4677	0.90573125	#N/A		9.480923006
					
1	0.400668	1.02066875	#N/A		0.4089493067
1	0.391501	1.2057375	#N/A		0.472047437
1	0.409237	1.4029625	#N/A		0.5741441646
2	0.917854	0.65251875	#N/A		0.5989169448
2	0.921697	0.7691625	#N/A		0.7089347688
2	0.876985	0.942775	#N/A		0.8267995334
3	0.42135	0.853975	#N/A		0.3598223663
3	0.391231	1.05065625	#N/A		0.4110492953
3	0.382938	1.2576625	#N/A		0.4816067624
4	1.19873	1.13625	#N/A		1.362056963
4	1.19277	1.26736875	#N/A		1.511679424
4	1.19118	1.50124375	#N/A		1.78825153
					
1		0	#N/A		0
1		0	#N/A		0
1		0	#N/A		0
2		0	#N/A		0
2		0	#N/A		0
2		0	#N/A		0
3		0	#N/A		0
3		0	#N/A		0
3		0	#N/A		0
4		0	#N/A		0
4		0	#N/A		0
4		0	#N/A		0
5		0	#N/A		0
5		0	#N/A		0
5		0	#N/A		0
6		0	#N/A		0
6		0	#N/A		0
6		0	#N/A		0
7		0	#N/A		0
7		0	#N/A		0
7		0	#N/A		0
8		0	#N/A		0
8		0	#N/A		0
8		0	#N/A		0
9		0	#N/A		0
9		0	#N/A		0
9		0	#N/A		0
10		0	#N/A		0
10		0	#N/A		0
10		0	#N/A		0
		0	#N/A		0
		0	#N/A		0
		0	#N/A		0
		0	#N/A		0
		0	#N/A		0
		0	#N/A		0
					
1	0.480239	1.1067625	#N/A		0.5315105162
1	0.459835	1.23685625	#N/A		0.5687497937
1	0.484325	1.49224375	0.110454		0.7227309542
2	0.996102	1.2903	#N/A		1.285270411
2	0.938075	1.4614125	#N/A		1.370914531
2	1.03107	1.62008125	0.298872		1.670417174
3	0.563507	1.143	#N/A		0.644088501
3	0.492521	1.2691125	#N/A		0.6250645576
3	0.455886	1.53423125	0.0953516		0.6994345476
4	0.779398	0.91285625	#N/A		0.7114783355
4	0.67299	1.09169375	#N/A		0.7346989768
4	0.71334	1.22764375	0.0827228		0.8757273926
5	0.23137	0.78935625	#N/A		0.1826333556
5	0.196504	0.8966625	#N/A		0.1761977679
5	0.145428	1.1178625	0.232982		0.1625685077
6	0.893621	1.07225	#N/A		0.9581851173
6	0.952293	1.21980625	#N/A		1.161612953
6	0.892552	1.44955	0.0412739		1.293798752
7	1.78024	0.79439375	#N/A		1.41421153
7	1.81723	0.928525	#N/A		1.687343486
7	1.68349	1.1303875	0.0605039		1.902996052
8	0.648872	0.6342875	#N/A		0.4115713987
8	0.452684	0.73845	#N/A		0.3342844998
8	0.490285	0.86173125	0.0559701		0.4224939059
9	0.764942	1.1586125	#N/A		0.886271363
9	0.608375	1.372375	#N/A		0.8349186406
9	0.690421	1.56799375	0.134181		1.082575813
10	0.360064	0.82055625	#N/A		0.2954527656
10	0.305668	1.01525	#N/A		0.310329437
10	0.363665	1.1270875	0.0638607		0.4098822757
5	0.188789	0.910725	#N/A		0.171934862
5	0.164354	1.09121875	#N/A		0.1793461664
5	0.203992	1.23379375	0.239049		0.2516840547
8	0.49096	0.7461375	#N/A		0.366323667
8	0.592665	0.86225	#N/A		0.5110253963
8	0.535901	0.98320625	0.0435795		0.5269012126
					
1	0.343963	0.96285	#N/A		0.3311847746
1	0.4486	1.151375	#N/A		0.516506825
1	0.388553	1.37113125	0.0814868		0.5327571606
2	1.42999	1.00455	#N/A		1.436496455
2	1.26004	1.24545	#N/A		1.569316818
2	1.31115	1.44555	0.0554609		1.895332883
3	0.624009	1.1505375	#N/A		0.7179457548
3	0.810256	1.2720125	#N/A		1.03065576
3	0.777391	1.4718375	0.0633439		1.144193226
4	0.807977	0.82285	#N/A		0.6648438745
4	0.742471	1.017875	#N/A		0.7557426691
4	0.835338	1.116	0.0767956		0.932237208
5	0.574137	0.92789375	#N/A		0.5327381339
5	0.521701	1.0676875	#N/A		0.5570136364
5	0.610839	1.2667	0.15115		0.7737497613
6	0.905858	1.0771625	#N/A		0.9757562679
6	0.870992	1.2079	#N/A		1.052071237
6	0.93809	1.39235625	0.0913861		1.306155475
7	0.910517	1.364375	#N/A		1.242286632
7	1.00147	1.53820625	#N/A		1.540467413
7	1.11359	1.72579375	0.109601		1.921826662
8	0.431595	0.9221875	#N/A		0.3980115141
8	0.426544	1.075075	#N/A		0.4585667908
8	0.374589	1.249575	0.180571		0.4680770497
9	1.29419	1.29141875	#N/A		1.671341232
9	1.19833	1.559175	#N/A		1.868406178
9	1.42614	1.6681625	0.139651		2.379033268
10	0.357189	0.98625	#N/A		0.3522776513
10	0.479346	1.21388125	#N/A		0.5818691217
10	0.336871	1.56224375	0.0497531		0.5262746143
5	0.5704	1.02371875	#N/A		0.583929175
5	0.685175	1.18023125	#N/A		0.8086649467
5	0.620031	1.406375	0.16943		0.8719960976
6	0.879527	0.96139375	#N/A		0.8455717608
6	0.696105	1.17630625	#N/A		0.8188326622
6	0.872012	1.31174375	0.0868974		1.143856291
					
1	2.72464	1.63730625	#N/A		4.461070101
1	2.78573	1.83323125	#N/A		5.10688729
1	2.82982	2.12855	0.0588344		6.023413361
2	1.72418	0.63586875	#N/A		1.096352181
2	2.02251	0.68640625	#N/A		1.388263505
2	1.92054	0.88766875	0.112245		1.704803341
3	1.1763	0.56744625	#N/A		0.6674870239
3	1.011	0.6809	#N/A		0.6883899
3	1.13323	0.80671875	0.0690842		0.9141978891
4	3.06522	0.84644375	#N/A		2.594536311
4	3.08436	1.008475	#N/A		3.110499951
4	3.69722	1.0322125	0.101129		3.816316699
5	0.680723	1.60593125	#N/A		1.093194338
5	0.684441	1.8708875	#N/A		1.280512111
5	0.72549	2.17043125	0.194884		1.574626168
6	4.06667	0.46444	#N/A		1.888724215
6	2.79222	0.7782	#N/A		2.172905604
6	2.37325	1.0721625	0.0970182		2.544509653
7	2.77064	0.62808125	#N/A		1.740187035
7	2.38831	0.88620625	#N/A		2.116535249
7	2.37902	1.05725625	0.101984		2.515233764
8	4.48362	0.8997625	#N/A		4.03419314
8	4.48362	1.04070625	#N/A		4.666131357
8	4.48362	1.2063375	0.151956		5.408758942
9	2.79858	0.824325	#N/A		2.306939459
9	2.50337	1.03223125	#N/A		2.584056744
9	2.91235	1.0817	0.0688372		3.150288995
10	2.21083	1.08189375	#N/A		2.391883159
10	2.58372	1.12180625	#N/A		2.898433244
10	2.01626	1.58724375	0.172957		3.200296083
5	0.655701	1.767875	#N/A		1.159197405
5	0.659273	2.0346625	#N/A		1.34139805
5	0.669274	2.43911875	0.184604		1.632438762
6	2.70091	1.2591	#N/A		3.400715781
6	2.95091	1.3633125	#N/A		4.023012489
6	2.80568	1.64253125	0.110354		4.608417078
					
1	0.341081	1.130925	#N/A		0.3857370299
1	0.362054	1.3260375	#N/A		0.480097181
1	0.210565	1.52698125	0.144463		0.3215288069
2	3.14082	1.185875	#N/A		3.724619918
2	2.89031	1.44960625	#N/A		4.18981144
2	3.85629	1.3334	0.0965011		5.141977086
3	1.88037	1.19345	#N/A		2.244127577
3	1.71222	1.48176875	#N/A		2.537114089
3	1.91288	1.58648125	0.153895		3.034748254
4	3.94968	0.7767375	#N/A		3.067864569
4	3.837	0.92993125	#N/A		3.568146206
4	3.79919	1.1062125	0.0847911		4.202711468
5	2.30193	0.754975	#N/A		1.737899602
5	2.19112	0.95506875	#N/A		2.09267024
5	2.85121	0.85965625	0.114258		2.451060497
6	1.71341	0.91041875	#N/A		1.55992059
6	1.84713	1.001925	#N/A		1.850685725
6	1.75458	1.21848125	0.0848654		2.137922832
7	1.33746	1.2627625	#N/A		1.688894333
7	1.33998	1.45821875	#N/A		1.953983961
7	1.22654	1.77074375	0.0950291		2.171888039
8	1.24461	0.92428125	#N/A		1.150369687
8	1.3256	1.04893125	#N/A		1.390463265
8	1.20719	1.31375625	0.0443994		1.585953407
9	0.900632	0.9847	#N/A		0.8868523304
9	1.26376	0.99523125	#N/A		1.257733445
9	1.14652	1.2781	0.0719184		1.465367212
10	3.49233	1.053225	#N/A		3.678209264
10	3.89171	1.1166	#N/A		4.345483386
10	3.69931	1.4120125	0.164694		5.223471961
5	1.88836	0.99730625	#N/A		1.88327323
5	1.74837	1.20433125	#N/A		2.105616628
5	2.60976	1.07635625	0.109057		2.809031487
6	1.76428	0.92300625	#N/A		1.628441467
6	1.87924	1.0495875	#N/A		1.972426814
6	1.65972	1.367775	0.0801785		2.270123523
					
1	0.364919	1.0059625	#N/A		0.3670948295
1	0.374544	1.23058125	#N/A		0.4609068237
1	0.467851	1.3066125	0.0928718		0.6112999647
2	3.96235	0.97225625	#N/A		3.852419552
2	4.25969	1.0335875	#N/A		4.402762338
2	3.54212	1.42876875	0.0889476		5.060870365
3	1.43017	1.012375	#N/A		1.447868354
3	1.40542	1.16981875	#N/A		1.644086668
3	1.30772	1.4562625	0.131867		1.904383597
4	1.6153	1.3262	#N/A		2.14221086
4	1.49998	1.553575	#N/A		2.330331429
4	1.48299	1.8719875	0.0765021		2.776138743
5	0.66037	1.03094375	#N/A		0.6808043242
5	0.712858	1.198625	#N/A		0.8544494203
5	0.766031	1.33649375	0.0715229		1.023795644
6	0.915074	0.92065	#N/A		0.8424628781
6	0.851747	1.14346875	#N/A		0.9739460774
6	0.907312	1.2969375	0.0677467		1.176726957
7	2.93982	1.00674375	#N/A		2.959645411
7	2.84939	1.22804375	#N/A		3.499175581
7	2.9093	1.421225	0.0740101		4.134769893
8	1.94453	1.0971125	#N/A		2.13336817
8	1.91024	1.29448125	#N/A		2.472769863
8	1.99673	1.456275	0.0685084		2.907787981
9	0.886568	1.0621875	#N/A		0.9417014475
9	0.68775	1.29946875	#N/A		0.8937096328
9	0.804968	1.48648125	0.0896078		1.196569839
10	0.768076	1.09403125	#N/A		0.8402991464
10	0.71252	1.29935625	#N/A		0.9258173153
10	0.869387	1.40435	0.083312		1.220923633
5	0.535976	1.13405	#N/A		0.6078235828
5	0.607653	1.35039375	#N/A		0.8205708134
5	0.579395	1.56624375	0.0723236		0.9074737975
6	0.891112	1.0202625	#N/A		0.9091681569
6	0.908501	1.204975	#N/A		1.094720992
6	0.924251	1.42909375	0.0679439		1.320841328
					
1	1.92785	1.22758125	#N/A		2.366592513
1	1.9133	1.44210625	#N/A		2.759181888
1	1.96687	1.6917	0.0951993		3.327353979
2	0.615009	1.04720625	#N/A		0.6440412686
2	0.566861	1.195275	#N/A		0.6775547818
2	0.603492	1.3804625	0.092503		0.8330980751
3	0.328625	1.0777625	#N/A		0.3541797016
3	0.399288	1.30349375	#N/A		0.5204694125
3	0.327559	1.5312875	0.244996		0.5015870022
4	2.22513	1.39645	#N/A		3.107282789
4	2.39995	1.52174375	#N/A		3.652108913
4	2.45412	1.74268125	0.119155		4.276748909
5	1.66211	0.9266	#N/A		1.540111126
5	1.94329	1.00836875	#N/A		1.959552908
5	2.11019	1.1384375	0.107007		2.402319428
6	1.80725	1.24221875	#N/A		2.244999836
6	1.59025	1.64201875	#N/A		2.611220317
6	1.91668	1.667	0.0882167		3.19510556
7	1.3982	0.9620625	#N/A		1.345155788
7	1.06847	1.2236625	#N/A		1.307446671
7	1.204	1.3958375	0.0970991		1.68058835
8			#N/A		0
8			#N/A		0
8			#N/A		0
9	1.38602	0.70824375	#N/A		0.9816400024
9	1.50034	0.81705	#N/A		1.225852797
9	1.57013	0.93011875	0.0873737		1.460407353
10	1.67528	0.90233125	#N/A		1.511657497
10	1.60297	1.11139375	#N/A		1.781530839
10	1.81263	1.2107625	0.111287		2.19466443
6	1.91979	1.0805125	#N/A		2.074357092
6	1.8093	1.32369375	#N/A		2.394959102
6	2.13087	1.3352	0.0836322		2.845137624
7	1.1675	0.92838125	#N/A		1.083885109
7	1.16803	1.06200625	#N/A		1.24045516
7	1.31463	1.20615	0.0950288		1.585640975
					
1	2.73768	1.0364	#N/A		2.837331552
1	2.83705	1.16636875	#N/A		3.309046462
1	2.85637	1.35604375	0.0923442		3.873362686
2	0.266202	1.2654875	#N/A		0.3368753035
2	0.17349	1.46465625	#N/A		0.2541032128
2	0.200532	1.595175	0.0896309		0.3198836331
3	2.61334	1.20744375	#N/A		3.15546105
3	2.61598	1.39791875	#N/A		3.656927492
3	2.69281	1.59149375	0.0989467		4.285590285
4	0.378519	1.183525	#N/A		0.4479866995
4	0.375018	1.334325	#N/A		0.5003958929
4	0.408294	1.5416	0.0742905		0.6294260304
5	0.787825	1.374625	#N/A		1.082963941
5	0.772117	1.559875	#N/A		1.204406005
5	0.655321	1.86945	0.185727		1.225089843
6	1	1.08173125	#N/A		1.08173125
6	1.0436	1.21205	#N/A		1.26489538
6	1.12685	1.395225	0.158506		1.572209291
7	0.950735	1.2979125	#N/A		1.233970841
7	0.976599	1.52149375	#N/A		1.485889275
7	0.95915	1.751275	0.108364		1.679735416
8	2.37069	1.08826875	#N/A		2.579947843
8	2.94498	1.073625	#N/A		3.161804153
8	2.37154	1.531475	0.153695		3.631954222
9	1.30542	0.82686875	#N/A		1.079411004
9	1.21518	1.0051875	#N/A		1.221483746
9	1.31047	1.12329375	0.083785		1.472042761
10	0.141611	0.82871875	#N/A		0.1173556909
10	0.168526	0.93560625	#N/A		0.1576739789
10	0.164178	1.12318125	0.103641		0.1844016513
5	0.66234	1.61445625	#N/A		1.069318953
5	0.808058	1.75545	#N/A		1.418505416
5	0.747271	2.0394375	0.184965		1.5240125
6	1.02562	1.1107875	#N/A		1.139245876
6	1.10299	1.3353375	#N/A		1.472863909
6	1.05897	1.49755625	0.16		1.585867142
					
1	2.22839	1.07526875	#N/A		2.39611813
1	2.51389	1.16825	#N/A		2.936851993
1	2.51551	1.44099375	0.0660664		3.624834188
2	2.38145	1.1916875	#N/A		2.837944197
2	2.39913	1.39683125	#N/A		3.351179757
2	2.92684	1.450125	0.104938		4.244283855
3	3.01026	0.9810875	#N/A		2.953328458
3	3.36026	1.04176875	#N/A		3.50061386
3	3.21051	1.33816875	0.106272		4.296204154
4	2.93955	1.16236875	#N/A		3.416841059
4	2.78938	1.4571	#N/A		4.064405598
4	3.93665	1.30181875	0.0637495		5.124804782
5	3.78311	0.505081875	#N/A		1.910780292
5	3.35124	0.68975625	#N/A		2.311538735
5	4.06749	0.6738375	0.103166		2.740827293
6	2.58819	1.02605	#N/A		2.65561235
6	2.36708	1.2738	#N/A		3.015186504
6	2.68108	1.32700625	0.0782475		3.557809917
7	1.18457	0.75714375	#N/A		0.8968897719
7	1.13119	0.9147875	#N/A		1.034798472
7	1.2586	1.04154375	0.0659855		1.310886964
8	3.07187	1.13543125	#N/A		3.487897194
8	3.29791	1.22174375	#N/A		4.029200931
8	3.18049	1.45785625	0.0972593		4.636697225
9	2.65401	1.19890625	#N/A		3.181909177
9	2.80488	1.4291875	#N/A		4.008699435
9	2.97535	1.6333875	0.125032		4.859899498
10	3.52548	0.7059375	#N/A		2.488768538
10	2.10384	1.43446875	#N/A		3.017892735
10	2.25006	1.6288375	0.0880527		3.664982105
5	2.19073	1.24878125	#N/A		2.735742548
5	3.36027	0.868525	#N/A		2.918478502
5	3.27692	1.0534125	0.103319		3.45194849
6	2.28703	1.266875	#N/A		2.897381131
6	2.56902	1.43948125	#N/A		3.698056121
6	2.72312	1.61085	0.089324		4.386537852
					
1	2.6202	1.4846625	#N/A		3.890112683
1	2.81311	1.65786875	#N/A		4.663767159
1	2.93575	1.8578375	0.130544		5.454146441
2	1.07041	1.332925	#N/A		1.426776249
2	1.14257	1.5506625	#N/A		1.771740453
2	1.13768	1.825175	0.0687384		2.076465094
3	1.87171	1.14700625	#N/A		2.146863068
3	1.9285	1.4028	#N/A		2.7052998
3	2.04789	1.58785625	0.080453		3.251754936
4	1.25724	1.06575	#N/A		1.33990353
4	1.02189	1.35249375	#N/A		1.382099838
4	1.12392	1.5597	0.0785144		1.752978024
5	1.8033	1.25311875	#N/A		2.259749042
5	1.70943	1.518375	#N/A		2.595555776
5	1.7606	1.72425	0.109701		3.03571455
6	1.72236	1.05234375	#N/A		1.812514781
6	1.60041	1.295775	#N/A		2.073771268
6	1.68514	1.51685625	0.0924397		2.556115141
7	2.35159	1.53528125	#N/A		3.610352035
7	2.11241	1.920375	#N/A		4.056619354
7	1.98902	2.40106875	0.0894495		4.775773765
8	1.91702	1.24079375	#N/A		2.378626435
8	1.84246	1.459775	#N/A		2.689577047
8	1.87158	1.70135	0.0906379		3.184212633
9	1.2753	0.99595625	#N/A		1.270143006
9	1.22714	1.1606875	#N/A		1.424326059
9	1.2524	1.34969375	0.0650898		1.690356453
10	1.69565	1.2445125	#N/A		2.110257621
10	1.61068	1.496875	#N/A		2.410986625
10	1.70727	1.6985875	0.0658466		2.899947481
5	1.65045	1.13885	#N/A		1.879614983
5	1.62821	1.3601	#N/A		2.214528421
5	1.74854	1.5019	0.115661		2.626132226
6	1.64085	1.20009375	#N/A		1.96917383
6	1.74051	1.35263125	#N/A		2.354268217
6	1.48955	1.72275625	0.0770542		2.566131572
					
1	2.7831	1.00181875	#N/A		2.788161763
1	2.73483	1.20661875	#N/A		3.299897156
1	2.56348	1.4938	#N/A		3.829326424
2	1.9519	1.19404375	#N/A		2.330653996
2	1.85241	1.4205625	#N/A		2.631464181
2	1.98198	1.57761875	#N/A		3.12680881
3	2.5116	1.83171875	#N/A		4.600544813
3	2.62967	2.066375	#N/A		5.433884346
3	2.74925	2.376525	#N/A		6.533661356
4	2.40466	1.05463125	#N/A		2.536029582
4	2.83495	1.1291	#N/A		3.200942045
4	2.45062	1.53584375	#N/A		3.763769411
5	1.03753	1.136275	#N/A		1.178919401
5	0.947066	1.3862375	#N/A		1.312858404
5	1.00697	1.6289625	#N/A		1.640316369
6	1.45316	1.0474875	#N/A		1.522166936
6	1.49101	1.25486875	#N/A		1.871021855
6	1.43262	1.4725625	#N/A		2.109622489
7	2.39884	1.14804375	#N/A		2.753973269
7	2.30399	1.38466875	#N/A		3.190262953
7	2.33419	1.59399375	#N/A		3.720684271
8	1.84176	1.2577375	#N/A		2.316450618
8	2.00313	1.3866875	#N/A		2.777715332
8	1.9441	1.682175	#N/A		3.270316418
9	2.09261	1.0997375	#N/A		2.30132169
9	2.22584	1.26215625	#N/A		2.809357868
9	2.21921	1.46159375	#N/A		3.243583466
10	1.71112	0.8620125	#N/A		1.475006829
10	1.6871	1.05801875	#N/A		1.784983433
10	1.67911	1.263425	#N/A		2.121429552
5	1.03769	0.98858125	#N/A		1.025840877
5	1	1.2036375	#N/A		1.2036375
5	1	1.398175	#N/A		1.398175
6	1.5398	1.13835	#N/A		1.75283133
6	1.76901	1.23605625	#N/A		2.186595867
6	1.56695	1.59236875	#N/A		2.495162213
					
1	3.51101	1.03848125	#N/A		3.646118054
1	3.6398	1.17784375	#N/A		4.287115681
1	3.45795	1.47199375	#N/A		5.090080788
2	1.84124	1.09150625	#N/A		2.009724968
2	2.08768	1.19331875	#N/A		2.491267688
2	2.02073	1.437575	#N/A		2.90495093
3	4.45062	1.2944	#N/A		5.760882528
3	4.67071	1.49328125	#N/A		6.974683667
3	4.3329	1.8788625	#N/A		8.140923326
4	0.433527	1.16483125	#N/A		0.5049857973
4	0.378174	1.422325	#N/A		0.5378863346
4	0.443162	1.61144375	#N/A		0.7141306351
5	2.50257	1.0992875	#N/A		2.751043919
5	2.42298	1.2912625	#N/A		3.128703212
5	2.11155	1.6787625	#N/A		3.544790957
6	1.36019	1.23223125	#N/A		1.676068624
6	1.32373	1.46106875	#N/A		1.934060536
6	1.37777	1.73306875	#N/A		2.387770132
7	2.59349	1.42019375	#N/A		3.683258289
7	3.9991	1.1188125	#N/A		4.474243069
7	2.45404	2.01990625	#N/A		4.956930734
8	2.65869	1.2000125	#N/A		3.190461234
8	2.81504	1.352375	#N/A		3.80698972
8	2.84634	1.56893125	#N/A		4.465711774
9	3.18202	0.0063416875	#N/A		0.02017937646
9	29.9999	0.048529875	#N/A		1.455891397
9	1.89675	0.94313125	#N/A		1.788884198
10	2.30466	1.063325	#N/A		2.450602595
10	2.93927	1.0550625	#N/A		3.101113554
10	2.64383	1.3854125	#N/A		3.66279513
5	2.3454	1.0366	#N/A		2.43124164
5	2.29034	1.193125	#N/A		2.732661913
5	2.26793	1.447925	#N/A		3.283792545
6	1.4228	1.0709375	#N/A		1.523729875
6	1.26957	1.317975	#N/A		1.673261521
6	1.28905	1.57283125	#N/A		2.027458123
					
1	17.0176	0.764325	#N/A		13.00697712
1	17.0176	0.90111875	#N/A		15.33487844
1	17.0176	1.0477875	0.158233		17.83082856
2	14.5883	0.6772375	#N/A		9.879743821
2	14.5883	0.820275	#N/A		11.96641778
2	14.5883	0.98363125	0.163902		14.34950776
3	12.2849	0.8618	#N/A		10.58712682
3	12.2849	1.02090625	#N/A		12.54173119
3	12.2849	1.227475	0.145028		15.07940763
4	8.66631	0.601156875	#N/A		5.209811837
4	8.66631	0.7340875	#N/A		6.361829842
4	8.66631	0.84505	0.210163		7.323465266
5	15.7661	0.80684375	#N/A		12.72077925
5	15.7661	0.97125	#N/A		15.31282463
5	15.7661	1.16585625	0.120714		18.38100622
6	11.7771	0.8180625	#N/A		9.634403869
6	11.7771	0.98385625	#N/A		11.58697344
6	11.7771	1.1719125	0.203931		13.8017307
7	2.54072	1.040075	#N/A		2.642539354
7	3.33631	0.974525	#N/A		3.251317503
7	2.48493	1.4660375	0.129948		3.643000565
8	14.8409	0.89545625	#N/A		13.28937666
8	14.8409	1.03691875	#N/A		15.38880748
8	14.8409	1.20179375	0.176503		17.83570086
9	15.8118	0.788425	#N/A		12.46641842
9	15.8118	0.9234875	#N/A		14.60199965
9	15.8118	1.0712125	0.156351		16.93779781
10	16.6398	0.67139375	#N/A		11.17185772
10	16.6398	0.8272	#N/A		13.76444256
10	16.6398	1.0157625	0.121317		16.90208485
5	17.7008	0.8119	#N/A		14.37127952
5	17.7008	0.963025	#N/A		17.04631292
5	17.7008	1.1466625	0.14082		20.29684358
6	11.4751	0.91678125	#N/A		10.52015652
6	11.4751	1.112625	#N/A		12.76748314
6	11.4751	1.33003125	0.209677		15.2622416
					
1	21.066	0.70030625	#N/A		14.75265146
1	21.066	0.7937375	#N/A		16.72087418
1	21.066	0.91846875	0.196146		19.34846269
2	0.960153	1.13784375	#N/A		1.09250409
2	1.00486	1.2847	#N/A		1.290943642
2	0.911258	1.49518125	0.0329869		1.362495876
3	26.3641	0.8965625	#N/A		23.63706341
3	26.3641	1.02493125	#N/A		27.02138997
3	26.3641	1.18669375	0.286784		31.28611269
4	13.1472	0.8631875	#N/A		11.3484987
4	13.1472	1.01104375	#N/A		13.29239439
4	13.1472	1.1737625	0.247348		15.43169034
5	17.3252	0.63898125	#N/A		11.07047795
5	17.3252	0.75109375	#N/A		13.01284944
5	17.3252	0.8922	0.19194		15.45754344
6	14.9376	3.2371875	#N/A		48.355812
6	14.9376	3.69355	#N/A		55.17277248
6	14.9376	4.23859375	0.300087		63.314418
7	7.41992	0.82164375	#N/A		6.096530894
7	7.41992	0.94305	#N/A		6.997355556
7	7.41992	1.09339375	0.163369		8.112894154
8	10.8367	0.8650875	#N/A		9.374693711
8	10.8367	1.0266375	#N/A		11.1253626
8	10.8367	1.2176	0.271937		13.19476592
9	15.0039	1.1724875	#N/A		17.5918852
9	15.0039	1.35556875	#N/A		20.33881797
9	15.0039	1.5808	0.159491		23.71816512
10	18.6502	0.6442375	#N/A		12.01515822
10	18.6502	0.75700625	#N/A		14.11831796
10	18.6502	0.9165125	0.195693		17.09314143
7	7.44833	0.90321875	#N/A		6.727471312
7	7.44833	1.053925	#N/A		7.849981195
7	7.44833	1.18480625	0.177783		8.824827936
8	17.3462	0.6919375	#N/A		12.00248626
8	17.3462	0.8140625	#N/A		14.12089094
8	17.3462	0.94624375	0.278764		16.41373334
					
1	27.0587	0.78364375	#N/A		21.20438114
1	27.0587	0.92441875	#N/A		25.01356963
1	27.0587	1.05048125	0.289258		28.424657
2	0.296494	1.06475625	#N/A		0.3156938396
2	0.330945	1.25959375	#N/A		0.4168562536
2	0.350444	1.44429375	0.0542747		0.5061440789
3	13.3686	0.9213875	#N/A		12.31766093
3	13.3686	1.075725	#N/A		14.38093724
3	13.3686	1.2505625	0.24952		16.71826984
4	15.2034	0.567313125	#N/A		8.625088365
4	15.2034	0.6595375	#N/A		10.02721243
4	15.2034	0.76313125	0.253405		11.60218965
5	14.6855	0.9623625	#N/A		14.13277449
5	14.6855	1.17170625	#N/A		17.20709213
5	14.6855	1.3910625	0.201795		20.42844834
6	17.6686	0.87456875	#N/A		15.45240542
6	17.6686	1.02845625	#N/A		18.1713821
6	17.6686	1.19815	0.210889		21.16963309
7	13.5784	1.01745	#N/A		13.81534308
7	13.5784	1.22110625	#N/A		16.58066911
7	13.5784	1.47468125	0.153589		20.02381189
8	17.6807	0.87405625	#N/A		15.45392634
8	17.6807	1.034875	#N/A		18.29731441
8	17.6807	1.18714375	0.189031		20.9895325
9	21.9437	0.574103125	#N/A		12.59794674
9	21.9437	0.70396875	#N/A		15.44767906
9	21.9437	0.82280625	0.17518		18.05541351
10	19.6231	0.62530625	#N/A		12.27044707
10	19.6231	0.8048375	#N/A		15.79340675
10	19.6231	0.97639375	0.176193		19.1598722
2	0.268522	1.16928125	#N/A		0.3139777398
2	0.317827	1.40981875	#N/A		0.4480784639
2	0.344058	1.62709375	0.0749766		0.5598146214
6	13.1134	1.23938125	#N/A		16.25250208
6	13.1134	1.50961875	#N/A		19.79623452
6	13.1134	1.77519375	0.217444		23.27882572
					
1	14.7696	0.90733125	#N/A		13.40091963
1	14.7696	1.08091875	#N/A		15.96473757
1	14.7696	1.30273125	0.148813		19.24081947
2	14.8365	0.52978	#N/A		7.86008097
2	14.8365	0.6384625	#N/A		9.472548881
2	14.8365	0.7654375	0.130723		11.35641347
3	19.3432	0.88239375	#N/A		17.06831879
3	19.3432	1.03421875	#N/A		20.00510013
3	19.3432	1.20361875	0.181971		23.28183821
4	8.50654	0.78578125	#N/A		6.684279634
4	8.50654	0.93595625	#N/A		7.961749279
4	8.50654	1.14415625	0.152293		9.732810907
5	12.2862	0.6749125	#N/A		8.292109958
5	12.2862	0.81261875	#N/A		9.983996486
5	12.2862	0.94814375	0.212685		11.64908374
6	9.82982	0.7829375	#N/A		7.696134696
6	9.82982	0.91645	#N/A		9.008538539
6	9.82982	1.07390625	0.112829		10.55630513
7	22.7917	0.71399375	#N/A		16.27313135
7	22.7917	0.830825	#N/A		18.93591415
7	22.7917	0.9329	0.249101		21.26237693
8	9.49006	0.849375	#N/A		8.060619713
8	9.49006	0.9974875	#N/A		9.466216224
8	9.49006	1.15596875	0.126339		10.9702128
9	10.8252	0.93216875	#N/A		10.09091315
9	10.8252	1.06268125	#N/A		11.50373707
9	10.8252	1.2175625	0.136269		13.18035758
10	8.26983	0.632875	#N/A		5.233768661
10	8.26983	0.74915	#N/A		6.195343145
10	8.26983	0.8851625	0.0946672		7.320143397
3	17.2396	0.8958875	#N/A		15.44474215
3	17.2396	1.01355625	#N/A		17.47330433
3	17.2396	1.15773125	0.17916		19.95882366
6	9.84006	0.8697875	#N/A		8.558761187
6	9.84006	1.0027125	#N/A		9.866751163
6	9.84006	1.15009375	0.137854		11.31699151
					
1	23.4885	0.8604	#N/A		20.2095054
1	23.4885	1.05500625	#N/A		24.7805143
1	23.4885	1.2102875	0.22056		28.42783794
2	17.0053	0.7117375	#N/A		12.10330971
2	17.0053	0.89629375	#N/A		15.24174411
2	17.0053	1.05699375	0.179179		17.97449582
3	15.7554	1.187275	#N/A		18.70599254
3	15.7554	1.47081875	#N/A		23.17333773
3	15.7554	1.77630625	0.25406		27.98641549
4	9.55339	0.8026625	#N/A		7.668147901
4	9.55339	1.0213875	#N/A		9.757713129
4	9.55339	1.205375	0.166744		11.51541747
5	11.7346	0.96056875	#N/A		11.27189005
5	11.7346	1.14318125	#N/A		13.4147747
5	11.7346	1.34103125	0.161998		15.73646531
6	21.5476	0.65455	#N/A		14.10398158
6	21.5476	0.775025	#N/A		16.69992869
6	21.5476	0.91106875	0.156847		19.631345
7	18.0547	0.9283	#N/A		16.76017801
7	18.0547	1.0932625	#N/A		19.73852646
7	18.0547	1.28966875	0.184341		23.28458238
8	15.7915	0.73930625	#N/A		11.67475465
8	15.7915	0.8793375	#N/A		13.88605813
8	15.7915	1.03895625	0.160921		16.40667762
9	23.8412	0.6160275	#N/A		14.68683483
9	23.8412	0.7430375	#N/A		17.71490565
9	23.8412	0.89419375	0.194489		21.31865203
10	21.8509	0.78309375	#N/A		17.11130322
10	21.8509	0.9301375	#N/A		20.3243415
10	21.8509	1.11008125	0.280434		24.25627439
7	12.32	1.4900125	#N/A		18.356954
7	12.32	1.77833125	#N/A		21.909041
7	12.32	2.0637625	0.179713		25.425554
8	19.3273	0.6745875	#N/A		13.03795499
8	19.3273	0.80155	#N/A		15.49179732
8	19.3273	0.9338125	0.169154		18.04807433
					
1	8.66061	0.81209375	#N/A		7.033227252
1	8.66061	1.09933125	#N/A		9.520879217
1	8.66061	1.46573125	0.0180476		12.69412672
2	29.0406	0.260389375	#N/A		7.561863684
2	29.0406	0.342644375	#N/A		9.950598237
2	29.0406	0.444643125	0.166168		12.91270314
3	19.5145	0.3417925	#N/A		6.669909741
3	19.5145	0.464233125	#N/A		9.059277318
3	19.5145	0.62294	0.285256		12.15636263
4	9.59775	0.79278125	#N/A		7.608916242
4	9.59775	1.0751875	#N/A		10.31938083
4	9.59775	1.4678375	0.144472		14.08793737
5	10.9337	1.10855625	#N/A		12.12062147
5	10.9337	1.28814375	#N/A		14.08417732
5	10.9337	1.4771125	0.0494713		16.15030494
6	11.3602	1.084925	#N/A		12.32496499
6	11.3602	1.18313125	#N/A		13.44060763
6	11.3602	1.374025	0.216709		15.60919881
7	8.55673	1.4641625	#N/A		12.52844319
7	8.55673	1.62010625	#N/A		13.86281175
7	8.55673	1.81415625	0.190054		15.52324521
8	0.505932	1.418575	#N/A		0.7177024869
8	0.439099	1.6088125	#N/A		0.7064279599
8	0.484163	1.7079375	0.187696		0.8269201438
9	2.48064	1.23545	#N/A		3.064706688
9	2.67432	1.25894375	#N/A		3.36681845
9	2.34633	1.62635625	0.109492		3.81596846
10	26.0703	0.4409175	#N/A		11.4948515
10	26.0703	0.48698875	#N/A		12.69594281
10	26.0703	0.560890625	0.177416		14.62258686
6	27.085	0.500581875	#N/A		13.55826008
6	27.085	0.563189375	#N/A		15.25398422
6	27.085	0.615405	0.210468		16.66824443
8	0.509226	0.559855625	#N/A		0.2850930405
8	0.489573	0.65170625	#N/A		0.3190577839
8	0.43249	0.74459375	0.11134		0.3220293509
					
1	3.89693	0.448803125	#N/A		1.748954362
1	3.89693	0.537246875	#N/A		2.093613465
1	3.89693	0.6026475	0.0616197		2.348475122
2	0.322858	1.133825	#N/A		0.3660644719
2	1.4377	1.3371125	#N/A		1.922366641
2	0.390266	1.76503125	0.0680354		0.6888316858
3	25.825	0.5465825	#N/A		14.11549306
3	25.825	0.65113125	#N/A		16.81546453
3	25.825	0.7608625	0.258591		19.64927406
4	11.5181	1.31569375	#N/A		15.15429218
4	11.5181	1.53546875	#N/A		17.68568261
4	11.5181	1.7787375	0.177108		20.4876764
5	9.3036	0.7611625	#N/A		7.081551435
5	9.3036	0.90573125	#N/A		8.426561258
5	9.3036	1.0697	0.162797		9.95206092
6	15.3822	1.2437125	#N/A		19.13103442
6	15.3822	1.44404375	#N/A		22.21256977
6	15.3822	1.6968625	0.250324		26.10147835
7	11.083	0.89436875	#N/A		9.912288856
7	11.083	1.07821875	#N/A		11.94989841
7	11.083	1.27491875	0.12637		14.12992451
8	14.0939	1.0638	#N/A		14.99309082
8	14.0939	1.22966875	#N/A		17.3308284
8	14.0939	1.4671375	0.0786207		20.67768921
9	25.9658	0.548160625	#N/A		14.23342916
9	25.9658	0.629575	#N/A		16.34741854
9	25.9658	0.72776875	0.15676		18.89709781
10	9.71701	0.85858125	#N/A		8.342842592
10	9.71701	1.07631875	#N/A		10.45860006
10	9.71701	1.283375	0.114923		12.47056771
1	3.93766	0.605969375	#N/A		2.386101369
1	3.64993	0.76644375	#N/A		2.797466036
1	3.08551	1.068225	0.0619515		3.29601892
2	1.85652	1.14845625	#N/A		2.132131997
2	1.73559	1.44918125	#N/A		2.515184486
2	1.93568	1.59535	0.058927		3.088087088
					
1	26.8771	0.308276875	#N/A		8.285588397
1	26.8771	0.371109375	#N/A		9.974343783
1	26.8771	0.42771125	0.0962382		11.49563804
2	11.1709	0.85755625	#N/A		9.579675113
2	11.1709	1.043575	#N/A		11.65767197
2	11.1709	1.24320625	0.188324		13.8877327
3	27.4379	0.3627	#N/A		9.95172633
3	27.4379	0.427834375	#N/A		11.7388768
3	27.4379	0.52284875	0.204349		14.34587172
4	9.31562	0.97505625	#N/A		9.083253504
4	9.31562	1.15095625	#N/A		10.72187106
4	9.31562	1.42575625	0.13532		13.28180344
5	8.40042	0.91315	#N/A		7.670843523
5	8.40042	1.08798125	#N/A		9.139499452
5	8.40042	1.28878125	0.142827		10.82630379
6	12.817	1.05274375	#N/A		13.49301664
6	12.817	1.23205625	#N/A		15.79126496
6	12.817	1.44604375	0.16491		18.53394274
7	27.1891	0.380100625	#N/A		10.3345939
7	27.1891	0.46386625	#N/A		12.61210586
7	27.1891	0.528053125	0.19861		14.35728922
8	28.2675	0.372418125	#N/A		10.52732935
8	28.2675	0.423791875	#N/A		11.97953683
8	28.2675	0.50440375	0.208852		14.258233
9	9.3276	0.905	#N/A		8.441478
9	9.3276	1.12891875	#N/A		10.53010253
9	9.3276	1.33529375	0.15941		12.45508598
10	0.412971	1.27825625	#N/A		0.5278827618
10	0.417497	1.552775	#N/A		0.6482789042
10	0.392076	1.84069375	0.216546		0.7216918427
7	29.7302	0.3380125	#N/A		10.04917923
7	29.7302	0.4168525	#N/A		12.3931082
7	29.7302	0.479910625	0.145884		14.26783886
8	11.203	0.86585	#N/A		9.70011755
8	11.203	1.07675625	#N/A		12.06290027
8	11.203	1.3100875	0.0909758		14.67691026
					
1	18.84	0.7759375	#N/A		14.6186625
1	18.84	0.90469375	#N/A		17.04443025
1	18.84	1.06374375	0.286686		20.04093225
2	14.3748	0.72500625	#N/A		10.42181984
2	14.3748	0.84458125	#N/A		12.14068655
2	14.3748	0.982375	0.184428		14.12144415
3	9.39347	0.553845	#N/A		5.202526392
3	9.39347	0.658	#N/A		6.18090326
3	9.39347	0.76589375	0.108466		7.194399964
4	14.2917	0.551608125	#N/A		7.88341784
4	14.2917	0.66279375	#N/A		9.472449437
4	14.2917	0.7898	0.264024		11.28758466
5	5.02466	0.41018625	#N/A		2.061046443
5	4.62543	0.559365625	#N/A		2.587306543
5	5.17638	0.622365	0.0761935		3.221597739
6	25.0815	0.60003	#N/A		15.04965245
6	25.0815	0.7088375	#N/A		17.77870776
6	25.0815	0.8302125	0.212297		20.82297482
7	9.30034	0.96609375	#N/A		8.985000347
7	9.30034	1.17009375	#N/A		10.88226971
7	9.30034	1.4213	0.0812093		13.21857324
8	21.208	0.44025125	#N/A		9.33684851
8	21.208	0.536344375	#N/A		11.37479151
8	21.208	0.6432875	0.145284		13.6428413
9	5.66985	0.89343125	#N/A		5.065621173
9	5.94281	1.0034625	#N/A		5.96338698
9	13.9705	0.50199125	0.110294		7.013068758
10	12.0183	0.9269	#N/A		11.13976227
10	12.0183	1.1530375	#N/A		13.85755059
10	12.0183	1.4250375	0.122698		17.12652819
1	12.3963	1.101275	#N/A		13.65173528
1	12.3963	1.2880625	#N/A		15.96720917
1	12.3963	1.4809375	0.278947		18.35814553
6	12.2504	1.8948875	#N/A		23.21312983
6	12.2504	2.1984375	#N/A		26.93173875
6	12.2504	2.5243875	0.240998		30.92475663
					
1	27.7611	0.445275625	#N/A		12.36134115
1	27.7611	0.541484375	#N/A		15.03220188
1	27.7611	0.6464125	0.193088		17.94512205
2	25.5673	0.434885625	#N/A		11.11885124
2	25.5673	0.502444375	#N/A		12.84614607
2	25.5673	0.5771275	0.178991		14.75559193
3	10.3888	1.2452875	#N/A		12.93704278
3	10.3888	1.4659	#N/A		15.22894192
3	10.3888	1.70565	0.166351		17.71965672
4	4.38502	0.28871875	#N/A		1.266037493
4	4.59187	0.349619375	#N/A		1.605406719
4	4.39404	0.41091875	0.0698592		1.805593424
5	25.2326	0.616458125	#N/A		15.55484128
5	25.2326	0.74994375	#N/A		18.92303067
5	25.2326	0.90039375	0.283568		22.71927534
6	22.1472	0.374838125	#N/A		8.301614922
6	22.1472	0.45279125	#N/A		10.02805837
6	22.1472	0.5347	0.162012		11.84210784
7	16.8693	0.438131875	#N/A		7.390978039
7	16.8693	0.51136375	#N/A		8.626348508
7	16.8693	0.58471	0.136059		9.863648403
8	24.4318	0.7526625	#N/A		18.38889967
8	24.4318	0.85530625	#N/A		20.89667124
8	24.4318	0.9925875	0.252128		24.25069928
9	12.2863	0.972125	#N/A		11.94381939
9	12.2863	1.15733125	#N/A		14.21931894
9	12.2863	1.38300625	0.27027		16.99202969
10	10.1217	1.0304875	#N/A		10.43028533
10	10.1217	1.27268125	#N/A		12.88169781
10	10.1217	1.55855	0.214204		15.77517554
7	14.072	0.57793	#N/A		8.13263096
7	14.072	0.67800625	#N/A		9.54090395
7	14.072	0.77725625	0.132776		10.93754995
8	14.5524	1.37495	#N/A		20.00882238
8	14.5524	1.58205625	#N/A		23.02271537
8	14.5524	1.86118125	0.250381		27.08465402
					
1	10.8754	0.54835125	#N/A		5.963539184
1	10.8754	0.68701875	#N/A		7.471603714
1	10.8754	0.85495625	0.128795		9.297991201
2	21.346	0.588476875	#N/A		12.56162737
2	21.346	0.7104625	#N/A		15.16553253
2	21.346	0.8653625	0.132618		18.47202793
3	19.5202	0.48270375	#N/A		9.422473741
3	19.5202	0.574200625	#N/A		11.20851104
3	19.5202	0.7088125	0.160011		13.83616176
4	9.3268	0.66400625	#N/A		6.193053493
4	9.3268	0.781875	#N/A		7.29239175
4	9.3268	0.9122375	0.135435		8.508256715
5	8.91114	0.948475	#N/A		8.451993512
5	8.91114	1.1276375	#N/A		10.04853563
5	8.91114	1.36569375	0.291346		12.1698882
6	17.3604	0.7516	#N/A		13.04807664
6	17.3604	0.89539375	#N/A		15.54439366
6	17.3604	1.0713875	0.159807		18.59971556
7	10.9103	0.525314375	#N/A		5.731337426
7	10.9103	0.63665625	#N/A		6.946110684
7	10.9103	0.77609375	0.144029		8.467415641
8	21.7854	0.67558125	#N/A		14.71780776
8	21.7854	0.80101875	#N/A		17.45051388
8	21.7854	0.94249375	0.233545		20.53260334
9	5.53987	0.9445	#N/A		5.232407215
9	4.90533	1.27221875	#N/A		6.240652801
9	4.56343	1.5444875	0.162657		7.048160592
10	30	0.26026375	#N/A		7.8079125
10	30	0.314125625	#N/A		9.42376875
10	30	0.3732375	0.138828		11.197125
7	11.6289	0.3609125	#N/A		4.197015371
7	11.6289	0.455531875	#N/A		5.297334621
7	11.6289	0.550115	0.14478		6.397232324
8	12.9413	0.9241125	#N/A		11.9592171
8	12.9413	1.08336875	#N/A		14.0202
8	12.9413	1.26785	0.238457		16.40762721
					
1	17.7431	0.589804375	#N/A		10.46495801
1	17.7431	0.71109375	#N/A		12.61700752
1	17.7431	0.854225	0.11465		15.1565996
2	21.5042	0.82511875	#N/A		17.74351862
2	21.5042	1.00593125	#N/A		21.63174679
2	21.5042	1.21510625	0.211927		26.12988782
3	12.1141	0.65705	#N/A		7.959569405
3	12.1141	0.8034625	#N/A		9.733225071
3	12.1141	0.96489375	0.176661		11.68881938
4	15.2241	0.448025	#N/A		6.820777403
4	15.2241	0.54633	#N/A		8.317382553
4	15.2241	0.64498125	0.143445		9.819259048
5	18.1038	0.67364375	#N/A		12.19551172
5	18.1038	0.80885625	#N/A		14.64337178
5	18.1038	0.9820375	0.130068		17.77861049
6	15.2888	1.0046625	#N/A		15.36008403
6	15.2888	1.20648125	#N/A		18.44565054
6	15.2888	1.434225	0.155506		21.92757918
7	11.3002	0.7090375	#N/A		8.012265558
7	11.3002	0.8293	#N/A		9.37125586
7	11.3002	0.97606875	0.178748		11.02977209
8	16.9155	0.722925	#N/A		12.22863784
8	16.9155	0.873	#N/A		14.7672315
8	16.9155	1.04174375	0.223801		17.6216164
9	2.0539	1.12484375	#N/A		2.310316578
9	2.28348	1.22995625	#N/A		2.808580498
9	2.12653	1.50849375	0.0609324		3.207857214
10	4.9453	0.9373	#N/A		4.63522969
10	4.375	1.29605	#N/A		5.67021875
10	5.02855	1.38793125	0.0739829		6.979281687
7	12.6466	0.56509	#N/A		7.146467194
7	12.6466	0.6689875	#N/A		8.460417318
7	12.6466	0.78073125	0.1399		9.873595826
8	26.8756	0.492405	#N/A		13.23367982
8	26.8756	0.609575	#N/A		16.38269387
8	26.8756	0.72815625	0.230121		19.56963611
					
1	17.0834	1.12381875	#N/A		19.19864523
1	17.0834	1.34244375	#N/A		22.93350356
1	17.0834	1.56344375	0.151163		26.70893496
2	12.4696	0.8226625	#N/A		10.25827231
2	12.4696	1.00131875	#N/A		12.48604429
2	12.4696	1.17893125	0.172647		14.70080112
3	17.4013	0.85163125	#N/A		14.81949087
3	17.4013	0.994675	#N/A		17.30863808
3	17.4013	1.1742875	0.310046		20.43412907
4	12.7594	0.9573375	#N/A		12.2150521
4	12.7594	1.122425	#N/A		14.32146955
4	12.7594	1.3217	0.135947		16.86409898
5	17.4994	0.62855625	#N/A		10.99935724
5	17.4994	0.75753125	#N/A		13.25634236
5	17.4994	0.91141875	0.184855		15.94928127
6	16.2419	0.8702875	#N/A		14.13512255
6	16.2419	1.01086875	#N/A		16.41842915
6	16.2419	1.1878125	0.173402		19.29233184
7	12.7886	0.650725	#N/A		8.321861735
7	12.7886	0.7865875	#N/A		10.0593529
7	12.7886	0.942075	0.132358		12.04782035
8	8.24221	0.784175	#N/A		6.463335027
8	8.24221	0.924575	#N/A		7.620541311
8	8.24221	1.0738875	0.185683		8.851206291
9	5.19839	0.7522125	#N/A		3.910293938
9	5.27149	0.87878125	#N/A		4.632486572
9	5.33242	0.969075	0.111674		5.167514912
10	17.6316	0.960225	#N/A		16.93030311
10	17.6316	1.20386875	#N/A		21.22613225
10	17.6316	1.49764375	0.319112		26.40585554
7	16.6119	0.575045625	#N/A		9.552600418
7	16.6119	0.68289375	#N/A		11.34416269
7	16.6119	0.8357875	0.128889		13.88401837
8	10.8797	0.6756625	#N/A		7.351005301
8	10.8797	0.7648125	#N/A		8.320930556
8	10.8797	0.90166875	0.18333		9.809885499
					
1	15.9543	0.557444375	#N/A		8.893634792
1	15.9543	0.67005	#N/A		10.69017872
1	15.9543	0.83386875	0.106066		13.3037922
2	15.5054	0.83538125	#N/A		12.95292043
2	15.5054	1.00530625	#N/A		15.58767553
2	15.5054	1.27831875	0.142786		19.82084355
3	1.46883	1.0515125	#N/A		1.544493105
3	1.36949	1.3483	#N/A		1.846483367
3	1.56409	1.46493125	0.0715053		2.291284319
4	0.49834	0.795275	#N/A		0.3963173435
4	0.501288	0.91816875	#N/A		0.4602669764
4	0.517163	1.105025	0.056403		0.5714780441
5	27.1218	0.51133625	#N/A		13.86835951
5	27.1218	0.6282625	#N/A		17.03960987
5	27.1218	0.75599375	0.21141		20.50391129
6	8.83668	0.57748125	#N/A		5.103017012
6	8.83668	0.69530625	#N/A		6.144198833
6	8.83668	0.84700625	0.139392		7.484723189
7	12.6772	0.411383125	#N/A		5.215186152
7	12.6772	0.510925625	#N/A		6.477106333
7	12.6772	0.62382625	0.135252		7.908370137
8	8.31838	0.8163	#N/A		6.790293594
8	8.31838	0.9849875	#N/A		8.19350032
8	8.31838	1.1575375	0.178483		9.628836789
9	2.77631	1.2595	#N/A		3.496762445
9	2.90384	1.53285625	#N/A		4.451169293
9	2.68632	1.9407	0.107274		5.213341224
10	12.0318	0.427314375	#N/A		5.141361097
10	12.0318	0.519441875	#N/A		6.249820752
10	12.0318	0.623033125	0.152292		7.496209953
3	1.37396	1.20413125	#N/A		1.654428172
3	1.41184	1.4349625	#N/A		2.025937456
3	1.42701	1.63914375	0.0676636		2.339074523
4	0.460711	0.885125	#N/A		0.4077868239
4	0.492969	1.068875	#N/A		0.5269222399
4	0.49707	1.20761875	0.0697592		0.6002710521
