

7


6.3


5.65


6.25


0.65


1


0.85


1


1.2


0.75


1.5


1.25


0.35


0.85


0.45


0.75


0.75


0.7


0.7


0.75


0.7


0.35


0.5


0.8


0.65


0.3


0.5


0.45


0.7


0.75


1.3


0.75


0.55


0.6


0.5


0.6


1.85


2.25


1.6


2.4


0.45


0.45


0.5


0.4


0.45


0.75


1.1


0.85


1.95


1.7


1.65


2.4


2.5


3.2


3.15


2.4


2.9


2.85


3.6


2.8


#N/A


#N/A


#N/A


#N/A


#N/A


#N/A


#N/A


#N/A


1.15


1.65


0.95


1.7


0.55


0.4


0.95


0.55


0.8


0.65


1


0.75


0.55


0.6


0.75


0.4


1


0.85


1.05


0.9


1.3


0.95


1


0.8


1.05


1.3


1.3


1.1


0.75


1.2


0.6


0.6


0.6


0.55


1.3


0.85


1.1


1.75


0.5


0.85


#N/A


#N/A


#N/A


#N/A


#N/A


#N/A


#N/A


#N/A


#N/A


#N/A


#N/A


#N/A