4.6


4.7


4.3


3.55


0.85


0.55


1.55


1.2


1.15


1.05


0.8


1.85


1.1


1.1


1.1


0.75


0.4


0.7


0.55


0.6


0.55


0.8


0.9


0.45


0.7


0.75


0.7


0.25


0.95


0.55


0.65


1.1


0.5


0.25


0.7


0.6


2.15


1.9


1.6


1.7


0.45


0.55


0.6


0.55


0.75


0.6


0.35


1.25


1.3


1.1


1.7


1.95


2.7


2.1


2.1


1.85


2.75


2.9


2.75


2.3


#N/A


#N/A


#N/A


#N/A


#N/A


#N/A


#N/A


#N/A


1.4


1.25


1.75


1.6


0.55


0.6


0.95


0.2


1


0.4


0.9


0.6


0.25


0.45


0.75


0.75


0.45


1.05


0.7


1.05


0.65


0.45


0.7


0.65


1.2


1.4


0.65


1.1


0.65


0.35


0.7


0.75


0.7


0.75


1.1


0.5


0.3


0.35


0.4


0.55


#N/A


#N/A


#N/A


#N/A


#N/A


#N/A


#N/A


#N/A


#N/A


#N/A


#N/A


#N/A

