

0.8


0.65


0.4


1.1


0.8


1.35


1.1


1.05


2.3


3.05


2.05


1.35


1.45


1.375


1.125


0.925


4.15


6.35


5.1


4.85


#N/A


#N/A


#N/A


#N/A


#N/A


#N/A


#N/A


#N/A


9.45


9.775


9.575


9.4


1.575


1.725


2.2


1.55


2.6


2.2


2.675


2.675


1.325


1.35


1.925


1.55


3.575


3.7


4.05


3.5


2.975


3.3


3.075


3.2


0.95


1.175


1.15


1


5.05


4.75


4.15


5


6.95


7.6


7.475


8


4.2


3.15


4.35


3.4


3.275


3.075


3.1


3.5


2.875


2.575


2.6


2.375


3.75


4.2


3.4


4


1.175


0.975


1.325


0.825


0.975


0.8


1.075


1.675


3.2


3.425


3.3


3.6


2.425


2.55


2.825


2.425


1.5


1.75


1.35


1.6


1.45


1.25


1.4


1.425


6.225


5.525


6.175


5.5


5.175


5.15


5.225


5.875


#N/A


#N/A


#N/A


#N/A


#N/A


#N/A


#N/A


#N/A


#N/A


#N/A


#N/A


#N/A