

0.65


0.75


0.55


0.55


0.525


1.225


0.875


0.825


1.275


1.275


0.825


1.375


1.375


1.675


0.95


1.075


1.1


0.925


0.825


1.275


1.325


0.775


1.55


0.725


1.075


1.225


1.8


1.1


0.9


0.85


0.8


0.6


0.925


0.55


0.75


1.35


0.95


1


0.7


0.825


0.925


0.775


0.925


1.375


0.6


0.525


0.6


0.3


2.2


2.4


2.25


1.8


0.35


0.8


0.15


0.55


1.2


0.4


0.65


1.15


0.9


0.75


0.7


0.7


1.2


1.4


1.05


1.25


1.35


1.3


0.7


1.1


0.5


0.7


0.9


0.5


0.6


0.65


0.75


1.35


0.75


0.5


0.6


0.25


0.65


0.6


0.55


0.6


0.7


0.85


1.05


0.85


0.55


0.5


0.45


0.5


1


0.95


0.7


0.95


1


0.7


0.75


0.25


1.15


0.5


0.9


0.7


#N/A


#N/A


#N/A


#N/A


#N/A


#N/A


#N/A


#N/A


#N/A


#N/A


#N/A


#N/A