
5.75


5.25


5.95


5.65


2.15


0.9


1.6


1


1.25


0.85


0.95


0.65


0.6


0.5


0.35


0.4


0.6


0.55


1.5


0.55


0.85


0.7


0.75


0.45


1.1


0.75


0.35


0.4


0.8


0.85


1.5


1.1


1.05


0.5


0.45


0.6


2.3


1.5


2.4


1.65


0.7


0.85


0.8


0.7


0.55


0.85


1.3


0.9


1.35


2.15


1.45


1.85


2.55


2.1


1.9


1.9


2.75


3.5


2.8


2.4


#N/A


#N/A


#N/A


#N/A


#N/A


#N/A


#N/A


#N/A


0.8


1


0.8


1.1


0.7


0.9


0.3


0.5


0.75


0.45


0.65


0.65


1


0.5


0.45


0.35


0.95


1.1


0.9


0.9


0.75


0.45


0.55


0.45


0.7


1.15


0.95


1.2


0.7


0.6


0.5


0.7


0.45


0.45


0.95


0.45


0.75


0.95


0.75


0.65


#N/A


#N/A


#N/A


#N/A


#N/A


#N/A


#N/A


#N/A


#N/A


#N/A


#N/A


#N/A
