2.075
2.125
2.525
1.575
1.85
1.725
2.15
2.2
2.15
1.95
1.775
2.225
3.575
3.75
3.325
3.275
3.625
4
3.725
3
4.4
3.2
3.35
3.6
1.625
1.95
2.075
1.4
2.05
2.025
2
1.1
1.95
1.425
1.775
2.35

1.875
2.325
2.2
1.875
1.975
2.9
1.8
2.2
2.3
2.375
2.475
2.85
1.95
2.05
2.5
2.5
1.875
2.275
2.35
2.3
2.675
1.75
2.775
2.8
1.375
1.65
2.125
1.7
1.725
2
2.075
1.9
2.3
1.475
1.9
2.225

2.4
1.65
2.475
1.85
1.975
1.675
1.825
1.775
2.525
1.625
1.55
1.85
2.325
3.4
3
2.375
2.825
2.7
3.025
2.225
3.2
2.675
2.175
2.75
1.6
1.8
1.925
1.625
1.85
2.1
1.975
1.8
2.275
1.75
2.2
1.8

4.1
4.25
5.225
4.875
5.15
4.525
4.525
3.975
6.175
4.55
4.375
4.725
1.2
1.625
1.725
1.175
1.975
1.25
1.45
1.575
1.9
1.725
1.85
1.775
0.9
1.35
1.25
1.15
1.025
0.725
0.8
0.95
0.625
0.625
0.7
1.075

2.45
2.15
2.8
2.15
2.4
3.3
1.7
2.4
2.85
2.45
2.1
2.85
1.95
1.2
2.3
1.85
1.95
1.15
1.75
1.9
1.7
0.85
1.3
1.45
1.45
1.8
2.3
1.4
1.4
2.45
1.3
2.6
1.65
1.7
2
2.25

0.95
1.4
1.15
1.05
0.95
1.2
1.05
0.95
0.95
0.75
1.4
1.25
1
1.25
3.5
0.85
0.85
1.1
1.55
1.2
1.15
1
1.25
1.35
1.85
1.55
1.8
1.6
1.25
1.95
1.65
1.4
2.7
1.4
1.15
3.1

0
0
0
0
0
0
0
0
0
0
0
0
0
0
0
0
0
0
0
0
0
0
0
0
0
0
0
0
0
0
0
0
0
0
0
0

0.95
0.75
0.95
0.85
0.45
0.6
1.2
1.3
1.55
0.5
0.9
0.8
0.95
1.6
1.55
0.75
1.5
1.2
1
1.8
1.4
0.9
1.45
1.1
0.9
2.9
2.35
1.75
2.25
1.55
1.85
1.7
1.6
1.15
1.35
2.05

1.8
1.3
1.9
1.7
1.45
1.3
1.2
2.05
1.3
2.35
1.4
1.4
0.9
1.35
1.8
0.9
2.2
1.25
2
0.5
1.2
2.15
1.1
1.45
1.6
0.95
1.2
0.75
1.75
1
1.8
1.25
1.2
0.55
1.1
1
0.5
0.5
0.8
0.85
1.05
0.65
0.85
0.85
0.4
0.7
0.25
1.15
1.1
1.35
1
0.95
1.35
1.55
1.7
1.25
1.45
0.8
1.4
1.5
1
1.4
2.8
1.55
1.3
3.05
2.15
2.15
2.2
1.2
2.3
1.4

0
0
0
0
0
0
0
0
0
0
0
0
0
0
0
0
0
0
0
0
0
0
0
0
0
0
0
0
0
0
0
0
0
0
0
0

8.675
9.125
9.45
7.175
8.225
9.775
7.325
9.025
9.575
7.7
9.55
9.4
1.55
1.15
1.575
1.925
1.7
1.725
1.4
1.4
2.2
1.45
1.425
1.55
2.15
2.65
2.6
1.85
2.125
2.2
1.725
1.875
2.675
2.025
1.75
2.675

1.2
1.7
1.325
0.925
1.225
1.35
1.1
1.15
1.925
1.45
0.95
1.55
2.55
3.55
3.575
3.075
3.075
3.7
2.925
2.875
4.05
3.125
2.65
3.5
2.15
2.75
2.975
2.3
2.575
3.3
2.325
2.825
3.075
2.15
2.85
3.2

1.075
0.875
0.95
1.25
0.9
1.175
0.85
0.975
1.15
0.7
1
1
2.8
4.425
5.05
3.225
4.225
4.75
3.075
4.375
4.15
3.55
3.725
5
3.95
5.075
6.95
3.8
4.475
7.6
4.1
5.55
7.475
4.175
4.975
8

3.05
2.875
4.2
3.325
3.25
3.15
2.875
3.35
4.35
2.575
3.675
3.4
2.7
3.475
3.275
2.825
2.7
3.075
2.55
2.825
3.1
2.65
3.325
3.5
2.675
2.35
2.875
2.7
2.275
2.575
2.55
2.6
2.6
2.55
2.2
2.375

2.8
3.525
3.75
3.425
3.75
4.2
3.175
3.275
3.4
2.975
3.55
4
0.725
1.3
1.175
0.875
1.2
0.975
0.925
1.1
1.325
0.725
1.275
0.825
0.775
1.2
0.975
0.775
1.225
0.8
1.075
1.475
1.075
1.075
1.5
1.675

1.85
2.3
3.2
2.125
2.125
3.425
2.025
1.675
3.3
2.325
1.8
3.6
2.325
1.725
2.425
2.675
2.075
2.55
2.125
1.75
2.825
2.35
2
2.425
1.3
2.175
1.5
1.575
1.425
1.75
1.4
1.175
1.35
1.375
1.625
1.6

1.325
1.425
1.45
1.15
1.5
1.25
0.95
1.5
1.4
0.85
1.575
1.425
4.225
5.575
6.225
3.825
5.025
5.525
3.825
5.275
6.175
3.4
5.15
5.5
3.85
3.25
5.175
3.875
4.975
5.15
4.275
4.7
5.225
3.65
4.225
5.875
1.075
1.05
0.65
1.1
1.05
0.75
1.2
0.85
0.55
0.9
0.625
0.55
0.35
1.025
0.525
0.75
0.625
1.225
0.825
0.575
0.875
1.325
0.575
0.825
1.025
0.925
1.275
1
0.6
1.275
0.75
0.625
0.825
0.8
1.125
1.375

0.75
0.925
1.375
0.875
1.025
1.675
0.85
1.375
0.95
1.25
1.55
1.075
0.6
0.7
1.1
0.875
0.8
0.925
1.025
0.85
0.825
1.025
1.025
1.275
0.575
1.05
1.325
0.975
1.05
0.775
0.525
0.925
1.55
0.7
1.125
0.725

1.25
1.1
1.075
0.775
1.675
1.225
1.175
1.25
1.8
1.075
1.1
1.1
0.95
0.55
0.9
0.75
0.6
0.85
1.075
0.6
0.8
0.55
0.6
0.6
0.6
0.725
0.925
0.55
0.675
0.55
0.525
1.075
0.75
0.675
0.875
1.35

0.7
0.65
0.95
0.9
0.8
1
1.15
0.8
0.7
0.925
0.725
0.825
0.725
0.625
0.925
1.725
0.9
0.775
0.85
0.95
0.925
0.9
0.825
1.375
0.45
0.525
0.6
0.575
0.85
0.525
0.525
0.575
0.6
0.5
0.5
0.3

1.25
2.35
2.4
1.35
1.35
2.95
1.95
1.35
2.5
1.5
0.95
1.95
0.45
0.5
0.3
0.75
1.15
0.8
0.85
0.9
0.15
0.85
0.9
0.55
0.75
0.6
1.2
0.65
0.65
0.4
0.75
1.05
0.65
0.65
0.75
1.25

0.45
0.7
0.9
0.45
0.3
0.75
0.65
1.15
0.65
0.4
0.45
0.7
1.25
1.2
1.2
1.15
0.9
1.5
0.8
0.95
0.95
0.75
0.95
1.3
0.9
1.6
1.4
0.6
1.25
1.3
1.75
1
0.7
1.1
0.65
1.1

0.25
0.45
0.45
0.25
0.5
0.6
0.35
0.8
0.95
0.35
0.45
0.45
1.5
0.7
0.55
0.6
0.6
0.6
0.5
1
0.65
0.75
1.25
1.45
1
1.3
0.75
0.75
0.75
0.5
1.1
0.7
0.65
0.95
0.8
0.25

0.6
0.4
0.65
0.45
0.85
0.6
0.85
0.5
0.55
0.4
0.45
0.55
1.3
0.5
0.7
0.5
0.55
0.85
0.8
0.6
1.2
0.45
1.55
0.85
0.15
0.3
0.5
1
0.65
0.5
0.65
0.35
0.55
0.2
0.65
0.5

0.6
0.75
1
0.45
0.4
0.9
1
0.8
0.7
0.75
1.05
0.95
0.35
0.75
0.95
0.65
0.7
0.7
0.5
0.75
0.75
0.85
0.45
0.25
0.3
0.5
1.15
0.25
0.4
0.6
0.55
0.45
0.9
0.95
0.25
0.7
4.7
5.85
6.95
5.05
5.2
6.75
4.6
6.05
5.75
4.1
5.85
6.35
0.8
2.35
0.8
0.65
1.15
1.15
1.75
1.7
0.9
1.4
1.05
1.05
1.2
1.35
1.15
1.2
0.9
0.8
0.85
1.05
1.6
1.85
0.7
1.45

1.25
0.95
0.4
1.15
0.7
1
1.2
0.65
0.6
0.8
0.7
0.8
0.5
0.65
0.8
0.85
0.75
0.9
0.7
1.75
0.9
0.65
0.8
0.95
0.6
0.85
0.95
0.85
0.65
0.65
0.85
0.75
0.5
0.5
0.55
0.85

0.55
1.05
0.7
0.7
0.8
0.25
0.9
0.35
0.5
0.2
0.4
0.45
0.9
0.8
0.65
0.5
0.85
0.75
0.65
1.5
1.3
1.05
1.05
0.8
0.5
1.05
0.55
0.3
0.4
0.65
0.65
0.45
0.5
0.6
0.55
0.6

2.65
2.5
2.1
1.9
1.55
8.25
1.6
2.6
3.6
1.95
1.95
2.55
0.65
1.2
0.45
0.65
1.65
0.5
0.6
1.15
0.6
0.7
1.05
0.45
0.65
0.5
0.45
0.6
0.8
0.75
0.3
1.25
1.05
1.15
0.75
0.7

1.3
1.45
1.9
1.05
2.3
1.8
1.75
3.05
1.6
1.85
1.85
2.75
2.9
2.55
2.75
2.2
2.15
3.85
2
1.95
3.2
1.9
1.95
2.4
2.7
3.3
3.1
2.85
3.9
2.85
2.75
3
3.7
2.4
2.5
2.85

0
0
0
0
0
0
0
0
0
0
0
0
0
0
0
0
0
0
0
0
0
0
0
0
0
0
0
0
0
0
0
0
0
0
0
0

0.55
0.7
0.5
0.5
0.95
0.4
0.95
0.3
0.95
0.2
0.5
0.55
0.9
0.75
0.8
0.35
0.45
0.65
0.8
0.6
0.85
0.65
0.6
0.75
0.25
1
0.5
0.45
0.5
0.55
0.85
0.4
0.75
0.8
0.3
0.4

0.4
1
1.05
1
1.1
0.85
0.7
0.8
1.1
0.9
0.8
0.9
0.55
0.7
1.25
0.45
0.45
0.95
0.6
0.55
0.9
0.55
0.35
0.8
1.15
0.65
1.1
1.4
1.3
1.25
0.65
0.9
1.2
1.2
1.15
1.1

0.6
0.65
0.7
0.4
0.55
1.1
0.7
0.5
0.55
0.7
0.65
0.6
0.45
0.65
0.6
0.4
0.9
0.5
0.9
1.1
1.25
0.45
0.5
0.85
0.3
0.7
1
0.35
0.95
1.65
0.3
0.65
0.35
0.5
0.5
0.85