4.15
4.25
5.05
3.15
3.7
3.45
4.3
4.4
4.3
3.9
3.55
4.45
7.15
7.5
6.65
6.55
7.25
8
7.45
6
8.8
6.4
6.7
7.2
3.25
3.9
4.15
2.8
4.1
4.05
4
2.2
3.9
2.85
3.55
4.7

3.75
4.65
4.4
3.75
3.95
5.8
3.6
4.4
4.6
4.75
4.95
5.7
3.9
4.1
5
5
3.75
4.55
4.7
4.6
5.35
3.5
5.55
5.6
2.75
3.3
4.25
3.4
3.45
4
4.15
3.8
4.6
2.95
3.8
4.45

4.8
3.3
4.95
3.7
3.95
3.35
3.65
3.55
5.05
3.25
3.1
3.7
4.65
6.8
6
4.75
5.65
5.4
6.05
4.45
6.4
5.35
4.35
5.5
3.2
3.6
3.85
3.25
3.7
4.2
3.95
3.6
4.55
3.5
4.4
3.6

8.2
8.5
10.45
9.75
10.3
9.05
9.05
7.95
12.35
9.1
8.75
9.45
2.4
3.25
3.45
2.35
3.95
2.5
2.9
3.15
3.8
3.45
3.7
3.55
1.8
2.7
2.5
2.3
2.05
1.45
1.6
1.9
1.25
1.25
1.4
2.15
17.35
18.25
18.9
14.35
16.45
19.55
14.65
18.05
19.15
15.4
19.1
18.8
3.1
2.3
3.15
3.85
3.4
3.45
2.8
2.8
4.4
2.9
2.85
3.1
4.3
5.3
5.2
3.7
4.25
4.4
3.45
3.75
5.35
4.05
3.5
5.35

2.4
3.4
2.65
1.85
2.45
2.7
2.2
2.3
3.85
2.9
1.9
3.1
5.1
7.1
7.15
6.15
6.15
7.4
5.85
5.75
8.1
6.25
5.3
7
4.3
5.5
5.95
4.6
5.15
6.6
4.65
5.65
6.15
4.3
5.7
6.4

2.15
1.75
1.9
2.5
1.8
2.35
1.7
1.95
2.3
1.4
2
2
5.6
8.85
10.1
6.45
8.45
9.5
6.15
8.75
8.3
7.1
7.45
10
7.9
10.15
13.9
7.6
8.95
15.2
8.2
11.1
14.95
8.35
9.95
16

6.1
5.75
8.4
6.65
6.5
6.3
5.75
6.7
8.7
5.15
7.35
6.8
5.4
6.95
6.55
5.65
5.4
6.15
5.1
5.65
6.2
5.3
6.65
7
5.35
4.7
5.75
5.4
4.55
5.15
5.1
5.2
5.2
5.1
4.4
4.75

5.6
7.05
7.5
6.85
7.5
8.4
6.35
6.55
6.8
5.95
7.1
8
1.45
2.6
2.35
1.75
2.4
1.95
1.85
2.2
2.65
1.45
2.55
1.65
1.55
2.4
1.95
1.55
2.45
1.6
2.15
2.95
2.15
2.15
3
3.35

3.7
4.6
6.4
4.25
4.25
6.85
4.05
3.35
6.6
4.65
3.6
7.2
4.65
3.45
4.85
5.35
4.15
5.1
4.25
3.5
5.65
4.7
4
4.85
2.6
4.35
3
3.15
2.85
3.5
2.8
2.35
2.7
2.75
3.25
3.2

2.65
2.85
2.9
2.3
3
2.5
1.9
3
2.8
1.7
3.15
2.85
8.45
11.15
12.45
7.65
10.05
11.05
7.65
10.55
12.35
6.8
10.3
11
7.7
6.5
10.35
7.75
9.95
10.3
8.55
9.4
10.45
7.3
8.45
11.75
2.15
2.1
1.3
2.2
2.1
1.5
2.4
1.7
1.1
1.8
1.25
1.1
0.7
2.05
1.05
1.5
1.25
2.45
1.65
1.15
1.75
2.65
1.15
1.65
2.05
1.85
2.55
2
1.2
2.55
1.5
1.25
1.65
1.6
2.25
2.75

1.5
1.85
2.75
1.75
2.05
3.35
1.7
2.75
1.9
2.5
3.1
2.15
1.2
1.4
2.2
1.75
1.6
1.85
2.05
1.7
1.65
2.05
2.05
2.55
1.15
2.1
2.65
1.95
2.1
1.55
1.05
1.85
3.1
1.4
2.25
1.45

2.5
2.2
2.15
1.55
3.35
2.45
2.35
2.5
3.6
2.15
2.2
2.2
1.9
1.1
1.8
1.5
1.2
1.7
2.15
1.2
1.6
1.1
1.2
1.2
1.2
1.45
1.85
1.1
1.35
1.1
1.05
2.15
1.5
1.35
1.75
2.7

1.4
1.3
1.9
1.8
1.6
2
2.3
1.6
1.4
1.85
1.45
1.65
1.45
1.25
1.85
3.45
1.8
1.55
1.7
1.9
1.85
1.8
1.65
2.75
0.9
1.05
1.2
1.15
1.7
1.05
1.05
1.15
1.2
1
1
0.6
