

2.525


1.725


2.15


2.225


3.325


4


4.4


3.6


2.075


2.025


1.95


2.35


#N/A


#N/A


#N/A


#N/A


#N/A


#N/A


#N/A


#N/A


#N/A


#N/A


#N/A


#N/A


2.475


1.675


2.525


1.85


3


2.7


3.2


2.75


1.925


2.1


2.275


1.8


5.225


4.525


6.175


4.725


1.725


1.25


1.9


1.775


1.25


0.725


0.625


1.075


2.6


3


2.65


2.9


2.2


1.15


1.65


1.25


2.2


2.35


1.25


2


1.2


1.2


0.9


1.15


3.65


1.15


1.15


1.45


1.8


1.9


2.75


3.25


2.55


2.5


2.3


1.95


0.95


1.5


0.95


1.1


2.55


1.9


1.65


1.95


0.95


0.65


1.55


0.85


1.65


1.2


1.55


1.15


2.4


1.75


1.65


2.1


2


1.45


1.35


1.6


1.55


1.3


1.2


1.4


1.1


1.2


1.1


1.05


#N/A


#N/A


#N/A


#N/A


#N/A


#N/A


#N/A


#N/A


#N/A


#N/A


#N/A


#N/A