2.075


1.575


2.15


1.95


3.575


3.275


3.725


3.2


1.625


1.4


2


1.425


#N/A


#N/A


#N/A


#N/A


#N/A


#N/A


#N/A


#N/A


#N/A


#N/A


#N/A


#N/A


2.4


1.85


1.825


1.625


2.325


2.375


3.025


2.675


1.6


1.625


1.975


1.75


4.1


4.875


4.525


4.55


1.2


1.175


1.45


1.725


0.9


1.15


0.8


0.625


2.45


2.1


1.7


2.15


1.8


1.8


1.8


0.9


1.4


1.15


1.25


1.6


0.95


1.05


1.05


0.75


1.15


0.9


1.65


1


1.85


1.6


1.7


1.45


1.8


0.85


1.85


2.8


1.3


1.2


1.6


1.2


2


1.85


1.65


1.7


0.95


0.85


1.25


0.5


1.15


0.8


1.05


1


0.9


1.9


2.1


1.3


1.85


1.85


1.3


2.5


0.9


0.55


1.65


1.75


1.55


0.75


1.75


0.5


#N/A


#N/A


#N/A


#N/A


#N/A


#N/A


#N/A


#N/A


#N/A


#N/A


#N/A


#N/A













