
1.05


1.05


0.85


0.625


1.025


0.625


0.575


0.575


0.925


0.6


0.625


1.125


0.925


1.025


1.375


1.55


0.7


0.8


0.85


1.025


1.05


1.05


0.925


1.125


1.1


1.675


1.25


1.1


0.55


0.6


0.6


0.6


0.725


0.675


1.075


0.875


0.65


0.8


0.8


0.725


0.625


0.9


0.95


0.825


0.525


0.85


0.575


0.5


2.05


1


1.2


0.7


0.5


1.2


0.95


0.9


0.55


0.65


1.05


0.75


0.7


0.25


1.05


0.4


0.95


0.95


1


0.95


1.6


1.15


0.95


0.65


0.6


0.55


0.8


0.45


0.7


0.6


1


1.3


1.2


0.8


0.7


0.8


0.4


0.85


0.55


0.45


0.5


0.5


0.65


1.4


0.3


0.65


0.35


0.65


0.75


0.4


0.75


1.1


0.75


0.6


0.8


0.45


0.5


0.35


0.4


0.25


#N/A


#N/A


#N/A


#N/A


#N/A


#N/A


#N/A


#N/A


#N/A


#N/A


#N/A


#N/A
