
2.125


1.85


2.2


1.775


3.75


3.625


3


3.35


1.95


2.05


1.1


1.775


#N/A


#N/A


#N/A


#N/A


#N/A


#N/A


#N/A


#N/A


#N/A


#N/A


#N/A


#N/A


1.65


1.975


1.775


1.55


3.4


2.825


2.225


2.175


1.8


1.85


1.8


2.2


4.25


5.15


3.975


4.375


1.625


1.975


1.575


1.85


1.35


1.025


0.95


0.7


2.1


2.45


2.4


2.05


1.1


1.75


1.85


1.25


1.65


1.25


2.25


1.85


1.4


0.9


1


1.4


1.35


0.9


1.3


1.25


1.55


1.25


1.5


1.15


0.9


1.65


1.5


1.5


1.25


1.45


1.55


1.25


1.7


2.25


1.7


1.85


0.8


0.55


1.3


0.9


1.9


1.55


1.9


1.5


3


2.4


1.75


1.45


1.4


1.55


2.05


1.4


1.3


1.85


0.6


1.1


0.8


1.55


1.25


1


#N/A


#N/A


#N/A


#N/A


#N/A


#N/A


#N/A


#N/A


#N/A


#N/A


#N/A


#N/A
