1.075


1.1


1.2


0.9


0.35


0.75


0.825


1.325


1.025


1


0.75


0.8


0.75


0.875


0.85


1.25


0.6


0.875


1.025


1.025


0.575


0.975


0.525


0.7


1.25


0.775


1.175


1.075


0.95


0.75


1.075


0.55


0.6


0.55


0.525


0.675


0.7


0.9


1.15


0.925


0.725


1.725


0.85


0.9


0.45


0.575


0.525


0.5


1.1


1.2


1.75


1.05


0.5


0.8


0.75


0.85


0.75


0.65


0.75


0.65


0.5


0.5


0.65


0.4


1.2


1.15


0.85


0.8


1


0.6


1.6


1.1


0.25


0.25


0.4


0.35


1.7


0.65


0.5


0.85


1.05


0.8


1.05


0.95


0.6


0.45


0.8


0.35


1.2


0.5


0.8


0.45


0.2


1


0.7


0.2


0.6


0.45


0.95


0.75


0.4


0.7


0.45


0.8


0.3


0.25


0.55


0.9


#N/A


#N/A


#N/A


#N/A


#N/A


#N/A


#N/A


#N/A


#N/A


#N/A


#N/A


#N/A

