0.55
0.5
0.8
0.8
1.05
0.65
0.85
0.6
0.4
0.75
0.2
1.1
0.8
1.2
0.8
0.95
1
1.35
1
1.2
1.1
0.65
1.35
1.05
1.05
1.25
2.3
1.1
1.1
3.05
2.15
1.95
2.05
1.2
2
1.35

1.075
1.7
1.45
1
1.225
1.375
1.425
1.35
1.125
1.15
1.225
0.925
0
0
0
0
0
0
0
0
0
0
0
0
0
0
0
0
0
0
0
0
0
0
0
0

0.8
0.85
4.15
0.75
1.25
6.35
0.85
1.1
5.1
0.85
0.85
4.85
0
0
0
0
0
0
0
0
0
0
0
0
0
0
0
0
0
0
0
0
0
0
0
0

8.675
9.125
9.45
7.175
8.225
9.775
7.325
9.025
9.575
7.7
9.55
9.4
1.55
1.15
1.575
1.925
1.7
1.725
1.4
1.4
2.2
1.45
1.425
1.55
2.15
2.65
2.6
1.85
2.125
2.2
1.725
1.875
2.675
2.025
1.75
2.675

1.2
1.7
1.325
0.925
1.225
1.35
1.1
1.15
1.925
1.45
0.95
1.55
2.55
3.55
3.575
3.075
3.075
3.7
2.925
2.875
4.05
3.125
2.65
3.5
2.15
2.75
2.975
2.3
2.575
3.3
2.325
2.825
3.075
2.15
2.85
3.2

1.075
0.875
0.95
1.25
0.9
1.175
0.85
0.975
1.15
0.7
1
1
2.8
4.425
5.05
3.225
4.225
4.75
3.075
4.375
4.15
3.55
3.725
5
3.95
5.075
6.95
3.8
4.475
7.6
4.1
5.55
7.475
4.175
4.975
8

3.05
2.875
4.2
3.325
3.25
3.15
2.875
3.35
4.35
2.575
3.675
3.4
2.7
3.475
3.275
2.825
2.7
3.075
2.55
2.825
3.1
2.65
3.325
3.5
2.675
2.35
2.875
2.7
2.275
2.575
2.55
2.6
2.6
2.55
2.2
2.375

2.8
3.525
3.75
3.425
3.75
4.2
3.175
3.275
3.4
2.975
3.55
4
0.725
1.3
1.175
0.875
1.2
0.975
0.925
1.1
1.325
0.725
1.275
0.825
0.775
1.2
0.975
0.775
1.225
0.8
1.075
1.475
1.075
1.075
1.5
1.675

1.85
2.3
3.2
2.125
2.125
3.425
2.025
1.675
3.3
2.325
1.8
3.6
2.325
1.725
2.425
2.675
2.075
2.55
2.125
1.75
2.825
2.35
2
2.425
1.3
2.175
1.5
1.575
1.425
1.75
1.4
1.175
1.35
1.375
1.625
1.6

1.325
1.425
1.45
1.15
1.5
1.25
0.95
1.5
1.4
0.85
1.575
1.425
4.225
5.575
6.225
3.825
5.025
5.525
3.825
5.275
6.175
3.4
5.15
5.5
3.85
3.25
5.175
3.875
4.975
5.15
4.275
4.7
5.225
3.65
4.225
5.875