
0.5


1.05


0.6


0.2


1.2


1


1.2


1.35


1.25


1.1


1.95


2


1.7


1.225


1.35


1.225


0.85


1.25


1.1


0.85


#N/A


#N/A


#N/A


#N/A


#N/A


#N/A


#N/A


#N/A


9.125


8.225


9.025


9.55


1.15


1.7


1.4


1.425


2.65


2.125


1.875


1.75


1.7


1.225


1.15


0.95


3.55


3.075


2.875


2.65


2.75


2.575


2.825


2.85


0.875


0.9


0.975


1


4.425


4.225


4.375


3.725


5.075


4.475


5.55


4.975


2.875


3.25


3.35


3.675


3.475


2.7


2.825


3.325


2.35


2.275


2.6


2.2


3.525


3.75


3.275


3.55


1.3


1.2


1.1


1.275


1.2


1.225


1.475


1.5


2.3


2.125


1.675


1.8


1.725


2.075


1.75


2


2.175


1.425


1.175


1.625


1.425


1.5


1.5


1.575


5.575


5.025


5.275


5.15


3.25


4.975


4.7


4.225


#N/A


#N/A


#N/A


#N/A


#N/A


#N/A


#N/A


#N/A


#N/A


#N/A


#N/A


#N/A
