2.075
2.125
2.525
1.575
1.85
1.725
2.15
2.2
2.15
1.95
1.775
2.225
3.575
3.75
3.325
3.275
3.625
4
3.725
3
4.4
3.2
3.35
3.6
1.625
1.95
2.075
1.4
2.05
2.025
2
1.1
1.95
1.425
1.775
2.35

1.875
2.325
2.2
1.875
1.975
2.9
1.8
2.2
2.3
2.375
2.475
2.85
1.95
2.05
2.5
2.5
1.875
2.275
2.35
2.3
2.675
1.75
2.775
2.8
1.375
1.65
2.125
1.7
1.725
2
2.075
1.9
2.3
1.475
1.9
2.225

2.4
1.65
2.475
1.85
1.975
1.675
1.825
1.775
2.525
1.625
1.55
1.85
2.325
3.4
3
2.375
2.825
2.7
3.025
2.225
3.2
2.675
2.175
2.75
1.6
1.8
1.925
1.625
1.85
2.1
1.975
1.8
2.275
1.75
2.2
1.8

4.1
4.25
5.225
4.875
5.15
4.525
4.525
3.975
6.175
4.55
4.375
4.725
1.2
1.625
1.725
1.175
1.975
1.25
1.45
1.575
1.9
1.725
1.85
1.775
0.9
1.35
1.25
1.15
1.025
0.725
0.8
0.95
0.625
0.625
0.7
1.075

2.45
2.15
2.8
2.15
2.4
3.3
1.7
2.4
2.85
2.45
2.1
2.85
1.95
1.2
2.3
1.85
1.95
1.15
1.75
1.9
1.7
0.85
1.3
1.45
1.45
1.8
2.3
1.4
1.4
2.45
1.3
2.6
1.65
1.7
2
2.25

0.95
1.4
1.15
1.05
0.95
1.2
1.05
0.95
0.95
0.75
1.4
1.25
1
1.25
3.5
0.85
0.85
1.1
1.55
1.2
1.15
1
1.25
1.35
1.85
1.55
1.8
1.6
1.25
1.95
1.65
1.4
2.7
1.4
1.15
3.1

0
0
0
0
0
0
0
0
0
0
0
0
0
0
0
0
0
0
0
0
0
0
0
0
0
0
0
0
0
0
0
0
0
0
0
0

0.95
0.75
0.95
0.85
0.45
0.6
1.2
1.3
1.55
0.5
0.9
0.8
0.95
1.6
1.55
0.75
1.5
1.2
1
1.8
1.4
0.9
1.45
1.1
0.9
2.9
2.35
1.75
2.25
1.55
1.85
1.7
1.6
1.15
1.35
2.05

1.8
1.3
1.9
1.7
1.45
1.3
1.2
2.05
1.3
2.35
1.4
1.4
0.9
1.35
1.8
0.9
2.2
1.25
2
0.5
1.2
2.15
1.1
1.45
1.6
0.95
1.2
0.75
1.75
1
1.8
1.25
1.2
0.55
1.1
1