1.075
1.05
0.65
1.1
1.05
0.75
1.2
0.85
0.55
0.9
0.625
0.55
0.35
1.025
0.525
0.75
0.625
1.225
0.825
0.575
0.875
1.325
0.575
0.825
1.025
0.925
1.275
1
0.6
1.275
0.75
0.625
0.825
0.8
1.125
1.375

0.75
0.925
1.375
0.875
1.025
1.675
0.85
1.375
0.95
1.25
1.55
1.075
0.6
0.7
1.1
0.875
0.8
0.925
1.025
0.85
0.825
1.025
1.025
1.275
0.575
1.05
1.325
0.975
1.05
0.775
0.525
0.925
1.55
0.7
1.125
0.725

1.25
1.1
1.075
0.775
1.675
1.225
1.175
1.25
1.8
1.075
1.1
1.1
0.95
0.55
0.9
0.75
0.6
0.85
1.075
0.6
0.8
0.55
0.6
0.6
0.6
0.725
0.925
0.55
0.675
0.55
0.525
1.075
0.75
0.675
0.875
1.35

0.7
0.65
0.95
0.9
0.8
1
1.15
0.8
0.7
0.925
0.725
0.825
0.725
0.625
0.925
1.725
0.9
0.775
0.85
0.95
0.925
0.9
0.825
1.375
0.45
0.525
0.6
0.575
0.85
0.525
0.525
0.575
0.6
0.5
0.5
0.3

1.25
2.35
2.4
1.35
1.35
2.95
1.95
1.35
2.5
1.5
0.95
1.95
0.45
0.5
0.3
0.75
1.15
0.8
0.85
0.9
0.15
0.85
0.9
0.55
0.75
0.6
1.2
0.65
0.65
0.4
0.75
1.05
0.65
0.65
0.75
1.25

0.45
0.7
0.9
0.45
0.3
0.75
0.65
1.15
0.65
0.4
0.45
0.7
1.25
1.2
1.2
1.15
0.9
1.5
0.8
0.95
0.95
0.75
0.95
1.3
0.9
1.6
1.4
0.6
1.25
1.3
1.75
1
0.7
1.1
0.65
1.1

0.25
0.45
0.45
0.25
0.5
0.6
0.35
0.8
0.95
0.35
0.45
0.45
1.5
0.7
0.55
0.6
0.6
0.6
0.5
1
0.65
0.75
1.25
1.45
1
1.3
0.75
0.75
0.75
0.5
1.1
0.7
0.65
0.95
0.8
0.25

0.6
0.4
0.65
0.45
0.85
0.6
0.85
0.5
0.55
0.4
0.45
0.55
1.3
0.5
0.7
0.5
0.55
0.85
0.8
0.6
1.2
0.45
1.55
0.85
0.15
0.3
0.5
1
0.65
0.5
0.65
0.35
0.55
0.2
0.65
0.5

0.6
0.75
1
0.45
0.4
0.9
1
0.8
0.7
0.75
1.05
0.95
0.35
0.75
0.95
0.65
0.7
0.7
0.5
0.75
0.75
0.85
0.45
0.25
0.3
0.5
1.15
0.25
0.4
0.6
0.55
0.45
0.9
0.95
0.25
0.7