4.7
5.85
6.95
5.05
5.2
6.75
4.6
6.05
5.75
4.1
5.85
6.35
0.8
2.35
0.8
0.65
1.15
1.15
1.75
1.7
0.9
1.4
1.05
1.05
1.2
1.35
1.15
1.2
0.9
0.8
0.85
1.05
1.6
1.85
0.7
1.45

1.25
0.95
0.4
1.15
0.7
1
1.2
0.65
0.6
0.8
0.7
0.8
0.5
0.65
0.8
0.85
0.75
0.9
0.7
1.75
0.9
0.65
0.8
0.95
0.6
0.85
0.95
0.85
0.65
0.65
0.85
0.75
0.5
0.5
0.55
0.85

0.55
1.05
0.7
0.7
0.8
0.25
0.9
0.35
0.5
0.2
0.4
0.45
0.9
0.8
0.65
0.5
0.85
0.75
0.65
1.5
1.3
1.05
1.05
0.8
0.5
1.05
0.55
0.3
0.4
0.65
0.65
0.45
0.5
0.6
0.55
0.6

2.65
2.5
2.1
1.9
1.55
8.25
1.6
2.6
3.6
1.95
1.95
2.55
0.65
1.2
0.45
0.65
1.65
0.5
0.6
1.15
0.6
0.7
1.05
0.45
0.65
0.5
0.45
0.6
0.8
0.75
0.3
1.25
1.05
1.15
0.75
0.7

1.3
1.45
1.9
1.05
2.3
1.8
1.75
3.05
1.6
1.85
1.85
2.75
2.9
2.55
2.75
2.2
2.15
3.85
2
1.95
3.2
1.9
1.95
2.4
2.7
3.3
3.1
2.85
3.9
2.85
2.75
3
3.7
2.4
2.5
2.85

0
0
0
0
0
0
0
0
0
0
0
0
0
0
0
0
0
0
0
0
0
0
0
0
0
0
0
0
0
0
0
0
0
0
0
0

0.55
0.7
0.5
0.5
0.95
0.4
0.95
0.3
0.95
0.2
0.5
0.55
0.9
0.75
0.8
0.35
0.45
0.65
0.8
0.6
0.85
0.65
0.6
0.75
0.25
1
0.5
0.45
0.5
0.55
0.85
0.4
0.75
0.8
0.3
0.4

0.4
1
1.05
1
1.1
0.85
0.7
0.8
1.1
0.9
0.8
0.9
0.55
0.7
1.25
0.45
0.45
0.95
0.6
0.55
0.9
0.55
0.35
0.8
1.15
0.65
1.1
1.4
1.3
1.25
0.65
0.9
1.2
1.2
1.15
1.1

0.6
0.65
0.7
0.4
0.55
1.1
0.7
0.5
0.55
0.7
0.65
0.6
0.45
0.65
0.6
0.4
0.9
0.5
0.9
1.1
1.25
0.45
0.5
0.85
0.3
0.7
1
0.35
0.95
1.65
0.3
0.65
0.35
0.5
0.5
0.85