0.55


0.8


0.85


0.75


0.8


0.95


1


0.65


1.05


1.1


2.15


1.2


1.075


1


1.425


1.15


0.8


0.75


0.85


0.85


#N/A


#N/A


#N/A


#N/A


#N/A


#N/A


#N/A


#N/A


8.675


7.175


7.325


7.7


1.55


1.925


1.4


1.45


2.15


1.85


1.725


2.025


1.2


0.925


1.1


1.45


2.55


3.075


2.925


3.125


2.15


2.3


2.325


2.15


1.075


1.25


0.85


0.7


2.8


3.225


3.075


3.55


3.95


3.8


4.1


4.175


3.05


3.325


2.875


2.575


2.7


2.825


2.55


2.65


2.675


2.7


2.55


2.55


2.8


3.425


3.175


2.975


0.725


0.875


0.925


0.725


0.775


0.775


1.075


1.075


1.85


2.125


2.025


2.325


2.325


2.675


2.125


2.35


1.3


1.575


1.4


1.375


1.325


1.15


0.95


0.85


4.225


3.825


3.825


3.4


3.85


3.875


4.275


3.65


#N/A


#N/A


#N/A


#N/A


#N/A


#N/A


#N/A


#N/A


#N/A


#N/A


#N/A


#N/A

